 ------- BEAMDYN V1.00.* INDIVIDUAL BLADE INPUT FILE --------------------------
 Test Format 1
 ---------------------- BLADE PARAMETERS --------------------------------------
30   station_total    - Number of blade input stations (-)
 1   damp_type        - Damping type: 0: no damping; 1: damped
  ---------------------- DAMPING COEFFICIENT------------------------------------
   mu1        mu2        mu3        mu4        mu5        mu6
   (-)        (-)        (-)        (-)        (-)        (-)
0.009503165    0.014282278    0.014282278    0.014282278    0.009503165    0.014282278  
 ---------------------- DISTRIBUTED PROPERTIES---------------------------------
	 0.000000 
	 4.7036222377472811e+09 	 2.0107256082437672e+00 	 0.0000000000000000e+00 	 0.0000000000000000e+00 	 0.0000000000000000e+00 	 5.7687181177507955e+02
	 2.0107409597083272e+00 	 4.7036212799356852e+09 	 0.0000000000000000e+00 	 0.0000000000000000e+00 	 0.0000000000000000e+00 	 -1.0986194997079290e+01
	 0.0000000000000000e+00 	 0.0000000000000000e+00 	 3.2138983824860802e+10 	 -4.2461101653410597e+03 	 2.6949749162367045e+01 	 0.0000000000000000e+00
	 0.0000000000000000e+00 	 0.0000000000000000e+00 	 -4.2461099413362617e+03 	 7.8361685094778030e+10 	 6.4822144303169779e+01 	 0.0000000000000000e+00
	 0.0000000000000000e+00 	 0.0000000000000000e+00 	 2.6948714492843884e+01 	 6.4822982011614840e+01 	 7.8361699553524261e+10 	 0.0000000000000000e+00
	 5.7687181290928800e+02 	 -1.0986193154356362e+01 	 0.0000000000000000e+00 	 0.0000000000000000e+00 	 0.0000000000000000e+00 	 4.5837465984241798e+10

	 2.2240266597185146e+03 	 0.0000000000000000e+00 	 0.0000000000000000e+00 	 0.0000000000000000e+00 	 0.0000000000000000e+00 	 2.9330682631435734e-04
	 0.0000000000000000e+00 	 2.2240266597185146e+03 	 0.0000000000000000e+00 	 0.0000000000000000e+00 	 0.0000000000000000e+00 	 -2.0124003309502682e-06
	 0.0000000000000000e+00 	 0.0000000000000000e+00 	 2.2240266597185146e+03 	 -2.9330682631435734e-04 	 2.0124003309502682e-06 	 0.0000000000000000e+00
	 0.0000000000000000e+00 	 0.0000000000000000e+00 	 -2.9330682631435734e-04 	 5.4238358872441549e+03 	 4.5259540959324829e-06 	 0.0000000000000000e+00
	 0.0000000000000000e+00 	 0.0000000000000000e+00 	 2.0124003309502682e-06 	 4.5259540959324829e-06 	 5.4238368898472063e+03 	 0.0000000000000000e+00
	 2.9330682631435734e-04 	 -2.0124003309502682e-06 	 0.0000000000000000e+00 	 0.0000000000000000e+00 	 0.0000000000000000e+00 	 1.0847672777091339e+04

	 0.034483 
	 3.5813701884953494e+09 	 -4.5928630268964991e+07 	 0.0000000000000000e+00 	 0.0000000000000000e+00 	 0.0000000000000000e+00 	 -2.2127970301359546e+08
	 -4.5928630269465759e+07 	 3.9476328596997733e+09 	 0.0000000000000000e+00 	 0.0000000000000000e+00 	 0.0000000000000000e+00 	 -4.8639480446593784e+07
	 0.0000000000000000e+00 	 0.0000000000000000e+00 	 2.7404166516237347e+10 	 1.4342192281279416e+09 	 1.1225523378472521e+09 	 0.0000000000000000e+00
	 0.0000000000000000e+00 	 0.0000000000000000e+00 	 1.4342192281283946e+09 	 6.2244074888681000e+10 	 -2.5237617634395118e+09 	 0.0000000000000000e+00
	 0.0000000000000000e+00 	 0.0000000000000000e+00 	 1.1225523378460662e+09 	 -2.5237617634399076e+09 	 6.5479297538605309e+10 	 0.0000000000000000e+00
	 -2.2127970301357460e+08 	 -4.8639480446615778e+07 	 0.0000000000000000e+00 	 0.0000000000000000e+00 	 0.0000000000000000e+00 	 3.5183549288642288e+10

	 1.8470610575741057e+03 	 0.0000000000000000e+00 	 0.0000000000000000e+00 	 0.0000000000000000e+00 	 0.0000000000000000e+00 	 -1.0934321108673878e+02
	 0.0000000000000000e+00 	 1.8470610575741057e+03 	 0.0000000000000000e+00 	 0.0000000000000000e+00 	 0.0000000000000000e+00 	 -4.7698581347394352e+01
	 0.0000000000000000e+00 	 0.0000000000000000e+00 	 1.8470610575741057e+03 	 1.0934321108673878e+02 	 4.7698581347394352e+01 	 0.0000000000000000e+00
	 0.0000000000000000e+00 	 0.0000000000000000e+00 	 1.0934321108673878e+02 	 4.2912204662097201e+03 	 -1.0995652465023646e+02 	 0.0000000000000000e+00
	 0.0000000000000000e+00 	 0.0000000000000000e+00 	 4.7698581347394352e+01 	 -1.0995652465023646e+02 	 4.3305431987195416e+03 	 0.0000000000000000e+00
	 -1.0934321108673878e+02 	 -4.7698581347394352e+01 	 0.0000000000000000e+00 	 0.0000000000000000e+00 	 0.0000000000000000e+00 	 8.6217636649292599e+03

	 0.068966 
	 2.4278297915256824e+09 	 -4.6070461726923414e+07 	 0.0000000000000000e+00 	 0.0000000000000000e+00 	 0.0000000000000000e+00 	 -2.0031731790052304e+08
	 -4.6070461727095515e+07 	 3.2380521727013812e+09 	 0.0000000000000000e+00 	 0.0000000000000000e+00 	 0.0000000000000000e+00 	 -2.5195657683641240e+07
	 0.0000000000000000e+00 	 0.0000000000000000e+00 	 2.1935399285855999e+10 	 2.3501153014191341e+09 	 1.0905355307226391e+09 	 0.0000000000000000e+00
	 0.0000000000000000e+00 	 0.0000000000000000e+00 	 2.3501153014189148e+09 	 4.6091127127037186e+10 	 -2.5050323849143181e+09 	 0.0000000000000000e+00
	 0.0000000000000000e+00 	 0.0000000000000000e+00 	 1.0905355307225938e+09 	 -2.5050323849143057e+09 	 4.3551952542463272e+10 	 0.0000000000000000e+00
	 -2.0031731790056562e+08 	 -2.5195657683642257e+07 	 0.0000000000000000e+00 	 0.0000000000000000e+00 	 0.0000000000000000e+00 	 2.3062618950908485e+10

	 1.4664424575944222e+03 	 0.0000000000000000e+00 	 0.0000000000000000e+00 	 0.0000000000000000e+00 	 0.0000000000000000e+00 	 -1.7404131014463698e+02
	 0.0000000000000000e+00 	 1.4664424575944222e+03 	 0.0000000000000000e+00 	 0.0000000000000000e+00 	 0.0000000000000000e+00 	 -4.7253426123221018e+01
	 0.0000000000000000e+00 	 0.0000000000000000e+00 	 1.4664424575944222e+03 	 1.7404131014463698e+02 	 4.7253426123221018e+01 	 0.0000000000000000e+00
	 0.0000000000000000e+00 	 0.0000000000000000e+00 	 1.7404131014463698e+02 	 3.1934400657109263e+03 	 -1.0879308083247157e+02 	 0.0000000000000000e+00
	 0.0000000000000000e+00 	 0.0000000000000000e+00 	 4.7253426123221018e+01 	 -1.0879308083247157e+02 	 2.8291328821257393e+03 	 0.0000000000000000e+00
	 -1.7404131014463698e+02 	 -4.7253426123221018e+01 	 0.0000000000000000e+00 	 0.0000000000000000e+00 	 0.0000000000000000e+00 	 6.0225729478366493e+03

	 0.103448 
	 2.0017055220989330e+09 	 6.3835799387321763e+07 	 0.0000000000000000e+00 	 0.0000000000000000e+00 	 0.0000000000000000e+00 	 -1.3120233261832497e+08
	 6.3835799386881478e+07 	 2.6597529025507250e+09 	 0.0000000000000000e+00 	 0.0000000000000000e+00 	 0.0000000000000000e+00 	 -1.7120310490465235e+07
	 0.0000000000000000e+00 	 0.0000000000000000e+00 	 1.8093742401351639e+10 	 2.8223456047779217e+09 	 1.1294166966323423e+09 	 0.0000000000000000e+00
	 0.0000000000000000e+00 	 0.0000000000000000e+00 	 2.8223456047778330e+09 	 3.3518742368169922e+10 	 -2.2334181409519167e+09 	 0.0000000000000000e+00
	 0.0000000000000000e+00 	 0.0000000000000000e+00 	 1.1294166966327963e+09 	 -2.2334181409526901e+09 	 2.9489837571378185e+10 	 0.0000000000000000e+00
	 -1.3120233261833304e+08 	 -1.7120310490488213e+07 	 0.0000000000000000e+00 	 0.0000000000000000e+00 	 0.0000000000000000e+00 	 1.4529283573859381e+10

	 1.2807854497439125e+03 	 0.0000000000000000e+00 	 0.0000000000000000e+00 	 0.0000000000000000e+00 	 0.0000000000000000e+00 	 -2.0907316410971072e+02
	 0.0000000000000000e+00 	 1.2807854497439125e+03 	 0.0000000000000000e+00 	 0.0000000000000000e+00 	 0.0000000000000000e+00 	 -4.6708512700347207e+01
	 0.0000000000000000e+00 	 0.0000000000000000e+00 	 1.2807854497439125e+03 	 2.0907316410971072e+02 	 4.6708512700347207e+01 	 0.0000000000000000e+00
	 0.0000000000000000e+00 	 0.0000000000000000e+00 	 2.0907316410971072e+02 	 2.3439671468836805e+03 	 -1.1881640652486539e+02 	 0.0000000000000000e+00
	 0.0000000000000000e+00 	 0.0000000000000000e+00 	 4.6708512700347207e+01 	 -1.1881640652486539e+02 	 1.9295271013433096e+03 	 0.0000000000000000e+00
	 -2.0907316410971072e+02 	 -4.6708512700347207e+01 	 0.0000000000000000e+00 	 0.0000000000000000e+00 	 0.0000000000000000e+00 	 4.2734942482270117e+03

	 0.137931 
	 1.3143764543562639e+09 	 4.4937939302650042e+07 	 0.0000000000000000e+00 	 0.0000000000000000e+00 	 0.0000000000000000e+00 	 -2.8414377115602188e+07
	 4.4937939302574880e+07 	 2.1096294689691465e+09 	 0.0000000000000000e+00 	 0.0000000000000000e+00 	 0.0000000000000000e+00 	 -6.1014238028018884e+06
	 0.0000000000000000e+00 	 0.0000000000000000e+00 	 1.4865939748414848e+10 	 3.0653282205551195e+09 	 1.1449820453397851e+09 	 0.0000000000000000e+00
	 0.0000000000000000e+00 	 0.0000000000000000e+00 	 3.0653282205547910e+09 	 2.4491894650673260e+10 	 -1.6388590452239823e+09 	 0.0000000000000000e+00
	 0.0000000000000000e+00 	 0.0000000000000000e+00 	 1.1449820453392127e+09 	 -1.6388590452239842e+09 	 1.9550162743294239e+10 	 0.0000000000000000e+00
	 -2.8414377115573019e+07 	 -6.1014238027333710e+06 	 0.0000000000000000e+00 	 0.0000000000000000e+00 	 0.0000000000000000e+00 	 8.5510246753356972e+09

	 1.0289147631434550e+03 	 0.0000000000000000e+00 	 0.0000000000000000e+00 	 0.0000000000000000e+00 	 0.0000000000000000e+00 	 -2.2061456985505191e+02
	 0.0000000000000000e+00 	 1.0289147631434550e+03 	 0.0000000000000000e+00 	 0.0000000000000000e+00 	 0.0000000000000000e+00 	 -4.6823859237371430e+01
	 0.0000000000000000e+00 	 0.0000000000000000e+00 	 1.0289147631434550e+03 	 2.2061456985505191e+02 	 4.6823859237371430e+01 	 0.0000000000000000e+00
	 0.0000000000000000e+00 	 0.0000000000000000e+00 	 2.2061456985505191e+02 	 1.7147066860452815e+03 	 -8.5540704528223173e+01 	 0.0000000000000000e+00
	 0.0000000000000000e+00 	 0.0000000000000000e+00 	 4.6823859237371430e+01 	 -8.5540704528223173e+01 	 1.2267956227416644e+03 	 0.0000000000000000e+00
	 -2.2061456985505191e+02 	 -4.6823859237371430e+01 	 0.0000000000000000e+00 	 0.0000000000000000e+00 	 0.0000000000000000e+00 	 2.9415023087869527e+03

	 0.172414 
	 8.4908565417202806e+08 	 3.2841690981504038e+07 	 0.0000000000000000e+00 	 0.0000000000000000e+00 	 0.0000000000000000e+00 	 5.3866645587577105e+07
	 3.2841690981809828e+07 	 1.6415375627503889e+09 	 0.0000000000000000e+00 	 0.0000000000000000e+00 	 0.0000000000000000e+00 	 4.9634134725675210e+06
	 0.0000000000000000e+00 	 0.0000000000000000e+00 	 1.2580608667442518e+10 	 3.0435156009765749e+09 	 1.0851531465674095e+09 	 0.0000000000000000e+00
	 0.0000000000000000e+00 	 0.0000000000000000e+00 	 3.0435156009765062e+09 	 1.8404098755203815e+10 	 -1.1049836654432743e+09 	 0.0000000000000000e+00
	 0.0000000000000000e+00 	 0.0000000000000000e+00 	 1.0851531465671763e+09 	 -1.1049836654431531e+09 	 1.2807402917068546e+10 	 0.0000000000000000e+00
	 5.3866645587486833e+07 	 4.9634134726341367e+06 	 0.0000000000000000e+00 	 0.0000000000000000e+00 	 0.0000000000000000e+00 	 4.7207796597938137e+09

	 8.4602216147415754e+02 	 0.0000000000000000e+00 	 0.0000000000000000e+00 	 0.0000000000000000e+00 	 0.0000000000000000e+00 	 -2.1728451196125081e+02
	 0.0000000000000000e+00 	 8.4602216147415754e+02 	 0.0000000000000000e+00 	 0.0000000000000000e+00 	 0.0000000000000000e+00 	 -4.3673172939574563e+01
	 0.0000000000000000e+00 	 0.0000000000000000e+00 	 8.4602216147415754e+02 	 2.1728451196125081e+02 	 4.3673172939574563e+01 	 0.0000000000000000e+00
	 0.0000000000000000e+00 	 0.0000000000000000e+00 	 2.1728451196125081e+02 	 1.2905992753763639e+03 	 -5.8775268998562787e+01 	 0.0000000000000000e+00
	 0.0000000000000000e+00 	 0.0000000000000000e+00 	 4.3673172939574563e+01 	 -5.8775268998562787e+01 	 7.6775570911220871e+02 	 0.0000000000000000e+00
	 -2.1728451196125081e+02 	 -4.3673172939574563e+01 	 0.0000000000000000e+00 	 0.0000000000000000e+00 	 0.0000000000000000e+00 	 2.0583549844885774e+03

	 0.206897 
	 5.8181234532518625e+08 	 2.7937116464447509e+07 	 0.0000000000000000e+00 	 0.0000000000000000e+00 	 0.0000000000000000e+00 	 7.4660622414269522e+07
	 2.7937116464560859e+07 	 1.2968513283117385e+09 	 0.0000000000000000e+00 	 0.0000000000000000e+00 	 0.0000000000000000e+00 	 1.3236058820303351e+07
	 0.0000000000000000e+00 	 0.0000000000000000e+00 	 1.1254218128357962e+10 	 3.0454973032296920e+09 	 9.9158271009630024e+08 	 0.0000000000000000e+00
	 0.0000000000000000e+00 	 0.0000000000000000e+00 	 3.0454973032297707e+09 	 1.5004970299871550e+10 	 -8.6305828271103549e+08 	 0.0000000000000000e+00
	 0.0000000000000000e+00 	 0.0000000000000000e+00 	 9.9158271009618509e+08 	 -8.6305828271113122e+08 	 8.9117934733195515e+09 	 0.0000000000000000e+00
	 7.4660622414287090e+07 	 1.3236058820436964e+07 	 0.0000000000000000e+00 	 0.0000000000000000e+00 	 0.0000000000000000e+00 	 2.7047006994040241e+09

	 7.3492439949554387e+02 	 0.0000000000000000e+00 	 0.0000000000000000e+00 	 0.0000000000000000e+00 	 0.0000000000000000e+00 	 -2.1954036298792897e+02
	 0.0000000000000000e+00 	 7.3492439949554387e+02 	 0.0000000000000000e+00 	 0.0000000000000000e+00 	 0.0000000000000000e+00 	 -3.9181366379090399e+01
	 0.0000000000000000e+00 	 0.0000000000000000e+00 	 7.3492439949554387e+02 	 2.1954036298792897e+02 	 3.9181366379090399e+01 	 0.0000000000000000e+00
	 0.0000000000000000e+00 	 0.0000000000000000e+00 	 2.1954036298792897e+02 	 1.0532498025747129e+03 	 -4.7804392188918172e+01 	 0.0000000000000000e+00
	 0.0000000000000000e+00 	 0.0000000000000000e+00 	 3.9181366379090399e+01 	 -4.7804392188918172e+01 	 5.1327747257389592e+02 	 0.0000000000000000e+00
	 -2.1954036298792897e+02 	 -3.9181366379090399e+01 	 0.0000000000000000e+00 	 0.0000000000000000e+00 	 0.0000000000000000e+00 	 1.5665272751486089e+03

	 0.241379 
	 4.4087259349379951e+08 	 2.6261403202763095e+07 	 0.0000000000000000e+00 	 0.0000000000000000e+00 	 0.0000000000000000e+00 	 5.7598949415451407e+07
	 2.6261403202697936e+07 	 1.0173473199408028e+09 	 0.0000000000000000e+00 	 0.0000000000000000e+00 	 0.0000000000000000e+00 	 2.1131734835281368e+07
	 0.0000000000000000e+00 	 0.0000000000000000e+00 	 1.0407749900331860e+10 	 3.1165503734808798e+09 	 9.1749701681016994e+08 	 0.0000000000000000e+00
	 0.0000000000000000e+00 	 0.0000000000000000e+00 	 3.1165503734812393e+09 	 1.3282955176702358e+10 	 -8.0283875621473718e+08 	 0.0000000000000000e+00
	 0.0000000000000000e+00 	 0.0000000000000000e+00 	 9.1749701681008148e+08 	 -8.0283875621473575e+08 	 6.9475933398983164e+09 	 0.0000000000000000e+00
	 5.7598949415464178e+07 	 2.1131734835375313e+07 	 0.0000000000000000e+00 	 0.0000000000000000e+00 	 0.0000000000000000e+00 	 1.7404646404502549e+09

	 6.6412034308929253e+02 	 0.0000000000000000e+00 	 0.0000000000000000e+00 	 0.0000000000000000e+00 	 0.0000000000000000e+00 	 -2.2799217782123580e+02
	 0.0000000000000000e+00 	 6.6412034308929253e+02 	 0.0000000000000000e+00 	 0.0000000000000000e+00 	 0.0000000000000000e+00 	 -3.5583685248426100e+01
	 0.0000000000000000e+00 	 0.0000000000000000e+00 	 6.6412034308929253e+02 	 2.2799217782123580e+02 	 3.5583685248426100e+01 	 0.0000000000000000e+00
	 0.0000000000000000e+00 	 0.0000000000000000e+00 	 2.2799217782123580e+02 	 9.3262086199163696e+02 	 -4.5315182529812702e+01 	 0.0000000000000000e+00
	 0.0000000000000000e+00 	 0.0000000000000000e+00 	 3.5583685248426100e+01 	 -4.5315182529812702e+01 	 3.8828365339485288e+02 	 0.0000000000000000e+00
	 -2.2799217782123580e+02 	 -3.5583685248426100e+01 	 0.0000000000000000e+00 	 0.0000000000000000e+00 	 0.0000000000000000e+00 	 1.3209045153864872e+03

	 0.275862 
	 3.4308424069457000e+08 	 2.2204012020165097e+07 	 0.0000000000000000e+00 	 0.0000000000000000e+00 	 0.0000000000000000e+00 	 5.0083182527697600e+07
	 2.2204012020093553e+07 	 8.2750220853985798e+08 	 0.0000000000000000e+00 	 0.0000000000000000e+00 	 0.0000000000000000e+00 	 2.6286303400362354e+07
	 0.0000000000000000e+00 	 0.0000000000000000e+00 	 9.8710860250780811e+09 	 3.2619087789928956e+09 	 8.0526804226282537e+08 	 0.0000000000000000e+00
	 0.0000000000000000e+00 	 0.0000000000000000e+00 	 3.2619087789928503e+09 	 1.2596182763346022e+10 	 -6.9122203597688234e+08 	 0.0000000000000000e+00
	 0.0000000000000000e+00 	 0.0000000000000000e+00 	 8.0526804226267433e+08 	 -6.9122203597648442e+08 	 5.3784922869678020e+09 	 0.0000000000000000e+00
	 5.0083182527699120e+07 	 2.6286303400313672e+07 	 0.0000000000000000e+00 	 0.0000000000000000e+00 	 0.0000000000000000e+00 	 1.1325049364143999e+09

	 6.1818342981379203e+02 	 0.0000000000000000e+00 	 0.0000000000000000e+00 	 0.0000000000000000e+00 	 0.0000000000000000e+00 	 -2.4184577452825465e+02
	 0.0000000000000000e+00 	 6.1818342981379203e+02 	 0.0000000000000000e+00 	 0.0000000000000000e+00 	 0.0000000000000000e+00 	 -3.0083684485618122e+01
	 0.0000000000000000e+00 	 0.0000000000000000e+00 	 6.1818342981379203e+02 	 2.4184577452825465e+02 	 3.0083684485618122e+01 	 0.0000000000000000e+00
	 0.0000000000000000e+00 	 0.0000000000000000e+00 	 2.4184577452825465e+02 	 8.8541972407829792e+02 	 -4.0609700688947811e+01 	 0.0000000000000000e+00
	 0.0000000000000000e+00 	 0.0000000000000000e+00 	 3.0083684485618122e+01 	 -4.0609700688947811e+01 	 2.9363409749676464e+02 	 0.0000000000000000e+00
	 -2.4184577452825465e+02 	 -3.0083684485618122e+01 	 0.0000000000000000e+00 	 0.0000000000000000e+00 	 0.0000000000000000e+00 	 1.1790538215750596e+03

	 0.310345 
	 2.7920171359363621e+08 	 1.8385412438955009e+07 	 0.0000000000000000e+00 	 0.0000000000000000e+00 	 0.0000000000000000e+00 	 3.5661825136554219e+07
	 1.8385412438966352e+07 	 6.4898622202405298e+08 	 0.0000000000000000e+00 	 0.0000000000000000e+00 	 0.0000000000000000e+00 	 2.5814092833690725e+07
	 0.0000000000000000e+00 	 0.0000000000000000e+00 	 9.2814263073409081e+09 	 3.3159814934977612e+09 	 7.3223932869944596e+08 	 0.0000000000000000e+00
	 0.0000000000000000e+00 	 0.0000000000000000e+00 	 3.3159814934973950e+09 	 1.1972924917628775e+10 	 -5.9054866402427340e+08 	 0.0000000000000000e+00
	 0.0000000000000000e+00 	 0.0000000000000000e+00 	 7.3223932869912827e+08 	 -5.9054866402430654e+08 	 4.4544116142328568e+09 	 0.0000000000000000e+00
	 3.5661825136560559e+07 	 2.5814092833580483e+07 	 0.0000000000000000e+00 	 0.0000000000000000e+00 	 0.0000000000000000e+00 	 7.7138809524138749e+08

	 5.7359788762881283e+02 	 0.0000000000000000e+00 	 0.0000000000000000e+00 	 0.0000000000000000e+00 	 0.0000000000000000e+00 	 -2.4947983163156815e+02
	 0.0000000000000000e+00 	 5.7359788762881283e+02 	 0.0000000000000000e+00 	 0.0000000000000000e+00 	 0.0000000000000000e+00 	 -2.7062236000421336e+01
	 0.0000000000000000e+00 	 0.0000000000000000e+00 	 5.7359788762881283e+02 	 2.4947983163156815e+02 	 2.7062236000421336e+01 	 0.0000000000000000e+00
	 0.0000000000000000e+00 	 0.0000000000000000e+00 	 2.4947983163156815e+02 	 8.4483521763350996e+02 	 -3.6110264599415380e+01 	 0.0000000000000000e+00
	 0.0000000000000000e+00 	 0.0000000000000000e+00 	 2.7062236000421336e+01 	 -3.6110264599415380e+01 	 2.3874695908612037e+02 	 0.0000000000000000e+00
	 -2.4947983163156815e+02 	 -2.7062236000421336e+01 	 0.0000000000000000e+00 	 0.0000000000000000e+00 	 0.0000000000000000e+00 	 1.0835821767196346e+03

	 0.344828 
	 2.4515103642742854e+08 	 1.6616291778213840e+07 	 0.0000000000000000e+00 	 0.0000000000000000e+00 	 0.0000000000000000e+00 	 2.4550664067195784e+07
	 1.6616291778060095e+07 	 5.4423539238628626e+08 	 0.0000000000000000e+00 	 0.0000000000000000e+00 	 0.0000000000000000e+00 	 2.2382259746918462e+07
	 0.0000000000000000e+00 	 0.0000000000000000e+00 	 8.9093468522531796e+09 	 3.4141391213251805e+09 	 6.9319383366536272e+08 	 0.0000000000000000e+00
	 0.0000000000000000e+00 	 0.0000000000000000e+00 	 3.4141391213250556e+09 	 1.1901724350128397e+10 	 -5.3338160129073209e+08 	 0.0000000000000000e+00
	 0.0000000000000000e+00 	 0.0000000000000000e+00 	 6.9319383366519630e+08 	 -5.3338160129082936e+08 	 4.0433664251559834e+09 	 0.0000000000000000e+00
	 2.4550664067142792e+07 	 2.2382259746887669e+07 	 0.0000000000000000e+00 	 0.0000000000000000e+00 	 0.0000000000000000e+00 	 6.0990491968899512e+08

	 5.4657875857739339e+02 	 0.0000000000000000e+00 	 0.0000000000000000e+00 	 0.0000000000000000e+00 	 0.0000000000000000e+00 	 -2.5962540969006693e+02
	 0.0000000000000000e+00 	 5.4657875857739339e+02 	 0.0000000000000000e+00 	 0.0000000000000000e+00 	 0.0000000000000000e+00 	 -2.5980475305857201e+01
	 0.0000000000000000e+00 	 0.0000000000000000e+00 	 5.4657875857739339e+02 	 2.5962540969006693e+02 	 2.5980475305857201e+01 	 0.0000000000000000e+00
	 0.0000000000000000e+00 	 0.0000000000000000e+00 	 2.5962540969006693e+02 	 8.4040006938219460e+02 	 -3.3480737176271049e+01 	 0.0000000000000000e+00
	 0.0000000000000000e+00 	 0.0000000000000000e+00 	 2.5980475305857201e+01 	 -3.3480737176271049e+01 	 2.1473635964615423e+02 	 0.0000000000000000e+00
	 -2.5962540969006693e+02 	 -2.5980475305857201e+01 	 0.0000000000000000e+00 	 0.0000000000000000e+00 	 0.0000000000000000e+00 	 1.0551364290283504e+03

	 0.379310 
	 2.1034820261387208e+08 	 1.4842949736050038e+07 	 0.0000000000000000e+00 	 0.0000000000000000e+00 	 0.0000000000000000e+00 	 1.6454044001035312e+07
	 1.4842949736097327e+07 	 4.5580221465174156e+08 	 0.0000000000000000e+00 	 0.0000000000000000e+00 	 0.0000000000000000e+00 	 1.8885959859415308e+07
	 0.0000000000000000e+00 	 0.0000000000000000e+00 	 8.4645379360585690e+09 	 3.3531630068762813e+09 	 6.2669914727084005e+08 	 0.0000000000000000e+00
	 0.0000000000000000e+00 	 0.0000000000000000e+00 	 3.3531630068762598e+09 	 1.1334625014791271e+10 	 -4.5968750979004705e+08 	 0.0000000000000000e+00
	 0.0000000000000000e+00 	 0.0000000000000000e+00 	 6.2669914727106678e+08 	 -4.5968750978984952e+08 	 3.4945583851605315e+09 	 0.0000000000000000e+00
	 1.6454044001034828e+07 	 1.8885959859428372e+07 	 0.0000000000000000e+00 	 0.0000000000000000e+00 	 0.0000000000000000e+00 	 4.6380696074818665e+08

	 5.1413872901635352e+02 	 0.0000000000000000e+00 	 0.0000000000000000e+00 	 0.0000000000000000e+00 	 0.0000000000000000e+00 	 -2.5599447935225930e+02
	 0.0000000000000000e+00 	 5.1413872901635352e+02 	 0.0000000000000000e+00 	 0.0000000000000000e+00 	 0.0000000000000000e+00 	 -2.3782355590494362e+01
	 0.0000000000000000e+00 	 0.0000000000000000e+00 	 5.1413872901635352e+02 	 2.5599447935225930e+02 	 2.3782355590494362e+01 	 0.0000000000000000e+00
	 0.0000000000000000e+00 	 0.0000000000000000e+00 	 2.5599447935225930e+02 	 7.9816734214287885e+02 	 -2.9500726451186694e+01 	 0.0000000000000000e+00
	 0.0000000000000000e+00 	 0.0000000000000000e+00 	 2.3782355590494362e+01 	 -2.9500726451186694e+01 	 1.8388415061666691e+02 	 0.0000000000000000e+00
	 -2.5599447935225930e+02 	 -2.3782355590494362e+01 	 0.0000000000000000e+00 	 0.0000000000000000e+00 	 0.0000000000000000e+00 	 9.8205149275954500e+02

	 0.413793 
	 1.8141732767362615e+08 	 1.3134037115696935e+07 	 0.0000000000000000e+00 	 0.0000000000000000e+00 	 0.0000000000000000e+00 	 2.2713404588474467e+07
	 1.3134037103070421e+07 	 3.8656846827539378e+08 	 0.0000000000000000e+00 	 0.0000000000000000e+00 	 0.0000000000000000e+00 	 1.3158963204266649e+07
	 0.0000000000000000e+00 	 0.0000000000000000e+00 	 8.0109786337887144e+09 	 3.0145690890200272e+09 	 5.3928838770483220e+08 	 0.0000000000000000e+00
	 0.0000000000000000e+00 	 0.0000000000000000e+00 	 3.0145690890245633e+09 	 9.9345785993658581e+09 	 -3.6308882973865825e+08 	 0.0000000000000000e+00
	 0.0000000000000000e+00 	 0.0000000000000000e+00 	 5.3928838771132314e+08 	 -3.6308882973462123e+08 	 2.7988360636321530e+09 	 0.0000000000000000e+00
	 2.2713404600182220e+07 	 1.3158963212595701e+07 	 0.0000000000000000e+00 	 0.0000000000000000e+00 	 0.0000000000000000e+00 	 3.5180000518156832e+08

	 4.9618250684786443e+02 	 0.0000000000000000e+00 	 0.0000000000000000e+00 	 0.0000000000000000e+00 	 0.0000000000000000e+00 	 -2.1770560950194260e+02
	 0.0000000000000000e+00 	 4.9618250684786443e+02 	 0.0000000000000000e+00 	 0.0000000000000000e+00 	 0.0000000000000000e+00 	 -2.1023273510353711e+01
	 0.0000000000000000e+00 	 0.0000000000000000e+00 	 4.9618250684786443e+02 	 2.1770560950194260e+02 	 2.1023273510353711e+01 	 0.0000000000000000e+00
	 0.0000000000000000e+00 	 0.0000000000000000e+00 	 2.1770560950194260e+02 	 7.1797984507016429e+02 	 -2.2620274544825026e+01 	 0.0000000000000000e+00
	 0.0000000000000000e+00 	 0.0000000000000000e+00 	 2.1023273510353711e+01 	 -2.2620274544825026e+01 	 1.4817660709071558e+02 	 0.0000000000000000e+00
	 -2.1770560950194260e+02 	 -2.1023273510353711e+01 	 0.0000000000000000e+00 	 0.0000000000000000e+00 	 0.0000000000000000e+00 	 8.6615645216087762e+02

	 0.448276 
	 1.4102697058391944e+08 	 9.7095896313184574e+06 	 0.0000000000000000e+00 	 0.0000000000000000e+00 	 0.0000000000000000e+00 	 7.8237835189203275e+06
	 9.7095896313515101e+06 	 3.0356926591194355e+08 	 0.0000000000000000e+00 	 0.0000000000000000e+00 	 0.0000000000000000e+00 	 1.2123862800481761e+07
	 0.0000000000000000e+00 	 0.0000000000000000e+00 	 7.4006747249604931e+09 	 2.6087367704565988e+09 	 4.2978391837215316e+08 	 0.0000000000000000e+00
	 0.0000000000000000e+00 	 0.0000000000000000e+00 	 2.6087367704568686e+09 	 7.9124979382719526e+09 	 -2.6313421033847442e+08 	 0.0000000000000000e+00
	 0.0000000000000000e+00 	 0.0000000000000000e+00 	 4.2978391837218779e+08 	 -2.6313421033853605e+08 	 2.1244213165994513e+09 	 0.0000000000000000e+00
	 7.8237835189075414e+06 	 1.2123862800531883e+07 	 0.0000000000000000e+00 	 0.0000000000000000e+00 	 0.0000000000000000e+00 	 2.1978222623692068e+08

	 4.3088063644213287e+02 	 0.0000000000000000e+00 	 0.0000000000000000e+00 	 0.0000000000000000e+00 	 0.0000000000000000e+00 	 -1.9297120290342835e+02
	 0.0000000000000000e+00 	 4.3088063644213287e+02 	 0.0000000000000000e+00 	 0.0000000000000000e+00 	 0.0000000000000000e+00 	 -1.6557472004082097e+01
	 0.0000000000000000e+00 	 0.0000000000000000e+00 	 4.3088063644213287e+02 	 1.9297120290342835e+02 	 1.6557472004082097e+01 	 0.0000000000000000e+00
	 0.0000000000000000e+00 	 0.0000000000000000e+00 	 1.9297120290342835e+02 	 5.3930982001394113e+02 	 -1.7402051425810388e+01 	 0.0000000000000000e+00
	 0.0000000000000000e+00 	 0.0000000000000000e+00 	 1.6557472004082097e+01 	 -1.7402051425810388e+01 	 1.0856049131316051e+02 	 0.0000000000000000e+00
	 -1.9297120290342835e+02 	 -1.6557472004082097e+01 	 0.0000000000000000e+00 	 0.0000000000000000e+00 	 0.0000000000000000e+00 	 6.4787031132710217e+02

	 0.482759 
	 1.1408023681355533e+08 	 5.5082234123730138e+06 	 0.0000000000000000e+00 	 0.0000000000000000e+00 	 0.0000000000000000e+00 	 6.3533399037172198e+06
	 5.5082234122727420e+06 	 2.4610473236534762e+08 	 0.0000000000000000e+00 	 0.0000000000000000e+00 	 0.0000000000000000e+00 	 1.0042710005795581e+07
	 0.0000000000000000e+00 	 0.0000000000000000e+00 	 6.8485453380036201e+09 	 2.0891778822314403e+09 	 2.9834774247889394e+08 	 0.0000000000000000e+00
	 0.0000000000000000e+00 	 0.0000000000000000e+00 	 2.0891778822311988e+09 	 5.9250736720999956e+09 	 -1.6666871505427098e+08 	 0.0000000000000000e+00
	 0.0000000000000000e+00 	 0.0000000000000000e+00 	 2.9834774247878170e+08 	 -1.6666871505436158e+08 	 1.5686938344087677e+09 	 0.0000000000000000e+00
	 6.3533399036862180e+06 	 1.0042710005746445e+07 	 0.0000000000000000e+00 	 0.0000000000000000e+00 	 0.0000000000000000e+00 	 1.4580344970325243e+08

	 3.8838217066340195e+02 	 0.0000000000000000e+00 	 0.0000000000000000e+00 	 0.0000000000000000e+00 	 0.0000000000000000e+00 	 -1.5102310884529908e+02
	 0.0000000000000000e+00 	 3.8838217066340195e+02 	 0.0000000000000000e+00 	 0.0000000000000000e+00 	 0.0000000000000000e+00 	 -1.1026555890617896e+01
	 0.0000000000000000e+00 	 0.0000000000000000e+00 	 3.8838217066340195e+02 	 1.5102310884529908e+02 	 1.1026555890617896e+01 	 0.0000000000000000e+00
	 0.0000000000000000e+00 	 0.0000000000000000e+00 	 1.5102310884529908e+02 	 3.9487219693533456e+02 	 -1.1513529365947539e+01 	 0.0000000000000000e+00
	 0.0000000000000000e+00 	 0.0000000000000000e+00 	 1.1026555890617896e+01 	 -1.1513529365947539e+01 	 7.8880393698099496e+01 	 0.0000000000000000e+00
	 -1.5102310884529908e+02 	 -1.1026555890617896e+01 	 0.0000000000000000e+00 	 0.0000000000000000e+00 	 0.0000000000000000e+00 	 4.7375259063343310e+02

	 0.517241 
	 9.1700538037701309e+07 	 2.6101956639790321e+06 	 0.0000000000000000e+00 	 0.0000000000000000e+00 	 0.0000000000000000e+00 	 5.2247808241240801e+06
	 2.6101956639101761e+06 	 2.0287969993688035e+08 	 0.0000000000000000e+00 	 0.0000000000000000e+00 	 0.0000000000000000e+00 	 8.0739904776560366e+06
	 0.0000000000000000e+00 	 0.0000000000000000e+00 	 6.3317953749945831e+09 	 1.5898214894296305e+09 	 1.9169241886363542e+08 	 0.0000000000000000e+00
	 0.0000000000000000e+00 	 0.0000000000000000e+00 	 1.5898214894296927e+09 	 4.1685551966790748e+09 	 -9.7925849719462812e+07 	 0.0000000000000000e+00
	 0.0000000000000000e+00 	 0.0000000000000000e+00 	 1.9169241886350751e+08 	 -9.7925849719435185e+07 	 1.1092357411305773e+09 	 0.0000000000000000e+00
	 5.2247808240858810e+06 	 8.0739904776938539e+06 	 0.0000000000000000e+00 	 0.0000000000000000e+00 	 0.0000000000000000e+00 	 9.4546876541506663e+07

	 3.4892933864265910e+02 	 0.0000000000000000e+00 	 0.0000000000000000e+00 	 0.0000000000000000e+00 	 0.0000000000000000e+00 	 -1.1171175641222675e+02
	 0.0000000000000000e+00 	 3.4892933864265910e+02 	 0.0000000000000000e+00 	 0.0000000000000000e+00 	 0.0000000000000000e+00 	 -6.6668456676872783e+00
	 0.0000000000000000e+00 	 0.0000000000000000e+00 	 3.4892933864265910e+02 	 1.1171175641222675e+02 	 6.6668456676872783e+00 	 0.0000000000000000e+00
	 0.0000000000000000e+00 	 0.0000000000000000e+00 	 1.1171175641222675e+02 	 2.7073898091752221e+02 	 -7.1063106332650623e+00 	 0.0000000000000000e+00
	 0.0000000000000000e+00 	 0.0000000000000000e+00 	 6.6668456676872783e+00 	 -7.1063106332650623e+00 	 5.4839364637105362e+01 	 0.0000000000000000e+00
	 -1.1171175641222675e+02 	 -6.6668456676872783e+00 	 0.0000000000000000e+00 	 0.0000000000000000e+00 	 0.0000000000000000e+00 	 3.2557834555462796e+02

	 0.551724 
	 7.4101897072350115e+07 	 8.5630207288510364e+05 	 0.0000000000000000e+00 	 0.0000000000000000e+00 	 0.0000000000000000e+00 	 4.3522953218602408e+06
	 8.5630207297925465e+05 	 1.7504984249270427e+08 	 0.0000000000000000e+00 	 0.0000000000000000e+00 	 0.0000000000000000e+00 	 6.4240035362668494e+06
	 0.0000000000000000e+00 	 0.0000000000000000e+00 	 5.8286012375476875e+09 	 1.1347678221715653e+09 	 1.0876396859117441e+08 	 0.0000000000000000e+00
	 0.0000000000000000e+00 	 0.0000000000000000e+00 	 1.1347678221714587e+09 	 2.7507313300857797e+09 	 -5.3712520478134081e+07 	 0.0000000000000000e+00
	 0.0000000000000000e+00 	 0.0000000000000000e+00 	 1.0876396859114420e+08 	 -5.3712520478227518e+07 	 7.5434503269912028e+08 	 0.0000000000000000e+00
	 4.3522953218756868e+06 	 6.4240035362588810e+06 	 0.0000000000000000e+00 	 0.0000000000000000e+00 	 0.0000000000000000e+00 	 6.1371329599660054e+07

	 3.1208570612200447e+02 	 0.0000000000000000e+00 	 0.0000000000000000e+00 	 0.0000000000000000e+00 	 0.0000000000000000e+00 	 -7.7746643743686732e+01
	 0.0000000000000000e+00 	 3.1208570612200447e+02 	 0.0000000000000000e+00 	 0.0000000000000000e+00 	 0.0000000000000000e+00 	 -3.3592896568559452e+00
	 0.0000000000000000e+00 	 0.0000000000000000e+00 	 3.1208570612200447e+02 	 7.7746643743686732e+01 	 3.3592896568559452e+00 	 0.0000000000000000e+00
	 0.0000000000000000e+00 	 0.0000000000000000e+00 	 7.7746643743686732e+01 	 1.7447418262359224e+02 	 -4.1410569230506757e+00 	 0.0000000000000000e+00
	 0.0000000000000000e+00 	 0.0000000000000000e+00 	 3.3592896568559452e+00 	 -4.1410569230506757e+00 	 3.6703137263578697e+01 	 0.0000000000000000e+00
	 -7.7746643743686732e+01 	 -3.3592896568559452e+00 	 0.0000000000000000e+00 	 0.0000000000000000e+00 	 0.0000000000000000e+00 	 2.1117731988717074e+02

	 0.586207 
	 6.0635500828341119e+07 	 -3.6163831211474891e+04 	 0.0000000000000000e+00 	 0.0000000000000000e+00 	 0.0000000000000000e+00 	 3.8227127974310406e+06
	 -3.6163831244150708e+04 	 1.6358567390544108e+08 	 0.0000000000000000e+00 	 0.0000000000000000e+00 	 0.0000000000000000e+00 	 5.5865648451004066e+06
	 0.0000000000000000e+00 	 0.0000000000000000e+00 	 5.3970767511645155e+09 	 8.3327537516329026e+08 	 4.7118088552544549e+07 	 0.0000000000000000e+00
	 0.0000000000000000e+00 	 0.0000000000000000e+00 	 8.3327537516320443e+08 	 1.8774896888124161e+09 	 -2.9293237847412203e+07 	 0.0000000000000000e+00
	 0.0000000000000000e+00 	 0.0000000000000000e+00 	 4.7118088552520126e+07 	 -2.9293237847395111e+07 	 4.9846735198970240e+08 	 0.0000000000000000e+00
	 3.8227127974342220e+06 	 5.5865648450386291e+06 	 0.0000000000000000e+00 	 0.0000000000000000e+00 	 0.0000000000000000e+00 	 4.1003112843460321e+07

	 2.8131926631478603e+02 	 0.0000000000000000e+00 	 0.0000000000000000e+00 	 0.0000000000000000e+00 	 0.0000000000000000e+00 	 -5.5055493539014996e+01
	 0.0000000000000000e+00 	 2.8131926631478603e+02 	 0.0000000000000000e+00 	 0.0000000000000000e+00 	 0.0000000000000000e+00 	 -9.5027090356349986e-01
	 0.0000000000000000e+00 	 0.0000000000000000e+00 	 2.8131926631478603e+02 	 5.5055493539014996e+01 	 9.5027090356349986e-01 	 0.0000000000000000e+00
	 0.0000000000000000e+00 	 0.0000000000000000e+00 	 5.5055493539014996e+01 	 1.1528918626513659e+02 	 -2.3886717745578339e+00 	 0.0000000000000000e+00
	 0.0000000000000000e+00 	 0.0000000000000000e+00 	 9.5027090356349986e-01 	 -2.3886717745578339e+00 	 2.3925269380550922e+01 	 0.0000000000000000e+00
	 -5.5055493539014996e+01 	 -9.5027090356349986e-01 	 0.0000000000000000e+00 	 0.0000000000000000e+00 	 0.0000000000000000e+00 	 1.3921445564568762e+02

	 0.620690 
	 5.0586444834065951e+07 	 -2.0961889694061587e+05 	 0.0000000000000000e+00 	 0.0000000000000000e+00 	 0.0000000000000000e+00 	 3.6054015955336536e+06
	 -2.0961889707578236e+05 	 1.6782400758798912e+08 	 0.0000000000000000e+00 	 0.0000000000000000e+00 	 0.0000000000000000e+00 	 5.1477582020295793e+06
	 0.0000000000000000e+00 	 0.0000000000000000e+00 	 4.9797217796831617e+09 	 5.9446755068326700e+08 	 4.3338088248115843e+06 	 0.0000000000000000e+00
	 0.0000000000000000e+00 	 0.0000000000000000e+00 	 5.9446755068328178e+08 	 1.2732145351239257e+09 	 -1.6418538621921116e+07 	 0.0000000000000000e+00
	 0.0000000000000000e+00 	 0.0000000000000000e+00 	 4.3338088248096146e+06 	 -1.6418538621920882e+07 	 3.2387558934759676e+08 	 0.0000000000000000e+00
	 3.6054015955258240e+06 	 5.1477582019962976e+06 	 0.0000000000000000e+00 	 0.0000000000000000e+00 	 0.0000000000000000e+00 	 2.8450815640193120e+07

	 2.5410174003650621e+02 	 0.0000000000000000e+00 	 0.0000000000000000e+00 	 0.0000000000000000e+00 	 0.0000000000000000e+00 	 -3.8342947855382214e+01
	 0.0000000000000000e+00 	 2.5410174003650621e+02 	 0.0000000000000000e+00 	 0.0000000000000000e+00 	 0.0000000000000000e+00 	 6.9590463210168418e-01
	 0.0000000000000000e+00 	 0.0000000000000000e+00 	 2.5410174003650621e+02 	 3.8342947855382214e+01 	 -6.9590463210168418e-01 	 0.0000000000000000e+00
	 0.0000000000000000e+00 	 0.0000000000000000e+00 	 3.8342947855382214e+01 	 7.6152403081674194e+01 	 -1.4040073319010571e+00 	 0.0000000000000000e+00
	 0.0000000000000000e+00 	 0.0000000000000000e+00 	 -6.9590463210168418e-01 	 -1.4040073319010571e+00 	 1.5390631641530078e+01 	 0.0000000000000000e+00
	 -3.8342947855382214e+01 	 6.9590463210168418e-01 	 0.0000000000000000e+00 	 0.0000000000000000e+00 	 0.0000000000000000e+00 	 9.1543034723204428e+01

	 0.655172 
	 4.3732226242627770e+07 	 2.6572995102205496e+04 	 0.0000000000000000e+00 	 0.0000000000000000e+00 	 0.0000000000000000e+00 	 4.0150486479886561e+06
	 2.6572995102353943e+04 	 1.7251668654039025e+08 	 0.0000000000000000e+00 	 0.0000000000000000e+00 	 0.0000000000000000e+00 	 5.6417301678662645e+06
	 0.0000000000000000e+00 	 0.0000000000000000e+00 	 4.5024569484485178e+09 	 4.2586372752140880e+08 	 -4.0772242141144827e+07 	 0.0000000000000000e+00
	 0.0000000000000000e+00 	 0.0000000000000000e+00 	 4.2586372752141464e+08 	 9.0372988535105336e+08 	 -1.2480347185973864e+07 	 0.0000000000000000e+00
	 0.0000000000000000e+00 	 0.0000000000000000e+00 	 -4.0772242141159780e+07 	 -1.2480347185974307e+07 	 2.1849988671060294e+08 	 0.0000000000000000e+00
	 4.0150486479828451e+06 	 5.6417301678599082e+06 	 0.0000000000000000e+00 	 0.0000000000000000e+00 	 0.0000000000000000e+00 	 2.0914164202535197e+07

	 2.2700487093221975e+02 	 0.0000000000000000e+00 	 0.0000000000000000e+00 	 0.0000000000000000e+00 	 0.0000000000000000e+00 	 -2.7571194219107767e+01
	 0.0000000000000000e+00 	 2.2700487093221975e+02 	 0.0000000000000000e+00 	 0.0000000000000000e+00 	 0.0000000000000000e+00 	 2.5264747843087880e+00
	 0.0000000000000000e+00 	 0.0000000000000000e+00 	 2.2700487093221975e+02 	 2.7571194219107767e+01 	 -2.5264747843087880e+00 	 0.0000000000000000e+00
	 0.0000000000000000e+00 	 0.0000000000000000e+00 	 2.7571194219107767e+01 	 5.3302603693579115e+01 	 -9.9397163721380544e-01 	 0.0000000000000000e+00
	 0.0000000000000000e+00 	 0.0000000000000000e+00 	 -2.5264747843087880e+00 	 -9.9397163721380544e-01 	 1.0331676532836395e+01 	 0.0000000000000000e+00
	 -2.7571194219107767e+01 	 2.5264747843087880e+00 	 0.0000000000000000e+00 	 0.0000000000000000e+00 	 0.0000000000000000e+00 	 6.3634280226415498e+01

	 0.689655 
	 3.8319051864386365e+07 	 7.9472602852052878e+04 	 0.0000000000000000e+00 	 0.0000000000000000e+00 	 0.0000000000000000e+00 	 4.0574878517587092e+06
	 7.9472602837321829e+04 	 1.6846100103779769e+08 	 0.0000000000000000e+00 	 0.0000000000000000e+00 	 0.0000000000000000e+00 	 5.4418375224272134e+06
	 0.0000000000000000e+00 	 0.0000000000000000e+00 	 3.9217801110607543e+09 	 3.0796154037919843e+08 	 -5.5597451444568098e+07 	 0.0000000000000000e+00
	 0.0000000000000000e+00 	 0.0000000000000000e+00 	 3.0796154037921143e+08 	 6.4063958208322680e+08 	 -9.4137627938994449e+06 	 0.0000000000000000e+00
	 0.0000000000000000e+00 	 0.0000000000000000e+00 	 -5.5597451444569722e+07 	 -9.4137627938988041e+06 	 1.4490943748341253e+08 	 0.0000000000000000e+00
	 4.0574878517560442e+06 	 5.4418375224312497e+06 	 0.0000000000000000e+00 	 0.0000000000000000e+00 	 0.0000000000000000e+00 	 1.5486434207982929e+07

	 1.9691847025999783e+02 	 0.0000000000000000e+00 	 0.0000000000000000e+00 	 0.0000000000000000e+00 	 0.0000000000000000e+00 	 -2.0337177710398386e+01
	 0.0000000000000000e+00 	 1.9691847025999783e+02 	 0.0000000000000000e+00 	 0.0000000000000000e+00 	 0.0000000000000000e+00 	 3.0815689391409440e+00
	 0.0000000000000000e+00 	 0.0000000000000000e+00 	 1.9691847025999783e+02 	 2.0337177710398386e+01 	 -3.0815689391409440e+00 	 0.0000000000000000e+00
	 0.0000000000000000e+00 	 0.0000000000000000e+00 	 2.0337177710398386e+01 	 3.7739615327310752e+01 	 -7.1681752383340158e-01 	 0.0000000000000000e+00
	 0.0000000000000000e+00 	 0.0000000000000000e+00 	 -3.0815689391409440e+00 	 -7.1681752383340158e-01 	 6.8497258870347615e+00 	 0.0000000000000000e+00
	 -2.0337177710398386e+01 	 3.0815689391409440e+00 	 0.0000000000000000e+00 	 0.0000000000000000e+00 	 0.0000000000000000e+00 	 4.4589341214345488e+01

	 0.724138 
	 3.3431548478956886e+07 	 2.1062649615782456e+05 	 0.0000000000000000e+00 	 0.0000000000000000e+00 	 0.0000000000000000e+00 	 3.7841004825824215e+06
	 2.1062649616578140e+05 	 1.6705937834173661e+08 	 0.0000000000000000e+00 	 0.0000000000000000e+00 	 0.0000000000000000e+00 	 5.2850491677870378e+06
	 0.0000000000000000e+00 	 0.0000000000000000e+00 	 3.4224539115795774e+09 	 2.1871846515268785e+08 	 -6.1845951883408159e+07 	 0.0000000000000000e+00
	 0.0000000000000000e+00 	 0.0000000000000000e+00 	 2.1871846515267220e+08 	 4.5803029975104392e+08 	 -7.0202012422646945e+06 	 0.0000000000000000e+00
	 0.0000000000000000e+00 	 0.0000000000000000e+00 	 -6.1845951883418582e+07 	 -7.0202012422661092e+06 	 9.4968860631464332e+07 	 0.0000000000000000e+00
	 3.7841004825819144e+06 	 5.2850491677961806e+06 	 0.0000000000000000e+00 	 0.0000000000000000e+00 	 0.0000000000000000e+00 	 1.1444545626029588e+07

