 ------- BEAMDYN V1.00.* INDIVIDUAL BLADE INPUT FILE --------------------------
 Test Format 1
 ---------------------- BLADE PARAMETERS --------------------------------------
30   station_total    - Number of blade input stations (-)
 1   damp_type        - Damping type: 0: no damping; 1: damped
  ---------------------- DAMPING COEFFICIENT------------------------------------
   mu1        mu2        mu3        mu4        mu5        mu6
   (-)        (-)        (-)        (-)        (-)        (-)
0.009503165    0.014282278    0.014282278    0.014282278    0.009503165    0.014282278  
 ---------------------- DISTRIBUTED PROPERTIES---------------------------------
	 0.000000 
	 5.1529608296131907e+09 	 2.0108262517382265e+00 	 0.0000000000000000e+00 	 0.0000000000000000e+00 	 0.0000000000000000e+00 	 6.2887085126050113e+02
	 2.0105384685008425e+00 	 5.1529597811249256e+09 	 0.0000000000000000e+00 	 0.0000000000000000e+00 	 0.0000000000000000e+00 	 -1.2341404920777274e+01
	 0.0000000000000000e+00 	 0.0000000000000000e+00 	 3.5205773961519463e+10 	 -4.6349567634478599e+03 	 2.9951603109780432e+01 	 0.0000000000000000e+00
	 0.0000000000000000e+00 	 0.0000000000000000e+00 	 -4.6349587208683397e+03 	 8.5534451888593826e+10 	 7.2715274021144296e+01 	 0.0000000000000000e+00
	 0.0000000000000000e+00 	 0.0000000000000000e+00 	 2.9952863772747637e+01 	 7.2715014716033309e+01 	 8.5534467651942490e+10 	 0.0000000000000000e+00
	 6.2887085101515072e+02 	 -1.2341404769165035e+01 	 0.0000000000000000e+00 	 0.0000000000000000e+00 	 0.0000000000000000e+00 	 5.0031206868002090e+10

	 2.4349102538759848e+03 	 0.0000000000000000e+00 	 0.0000000000000000e+00 	 0.0000000000000000e+00 	 0.0000000000000000e+00 	 3.2021879857788149e-04
	 0.0000000000000000e+00 	 2.4349102538759848e+03 	 0.0000000000000000e+00 	 0.0000000000000000e+00 	 0.0000000000000000e+00 	 -2.2479547958330348e-06
	 0.0000000000000000e+00 	 0.0000000000000000e+00 	 2.4349102538759848e+03 	 -3.2021879857788149e-04 	 2.2479547958330348e-06 	 0.0000000000000000e+00
	 0.0000000000000000e+00 	 0.0000000000000000e+00 	 -3.2021879857788149e-04 	 5.9170526456643156e+03 	 5.0557080827386136e-06 	 0.0000000000000000e+00
	 0.0000000000000000e+00 	 0.0000000000000000e+00 	 2.2479547958330348e-06 	 5.0557080827386136e-06 	 5.9170537351024004e+03 	 0.0000000000000000e+00
	 3.2021879857788149e-04 	 -2.2479547958330348e-06 	 0.0000000000000000e+00 	 0.0000000000000000e+00 	 0.0000000000000000e+00 	 1.1834106380766698e+04

	 0.034483 
	 3.7515870630662837e+09 	 -2.9627264614468493e+07 	 0.0000000000000000e+00 	 0.0000000000000000e+00 	 0.0000000000000000e+00 	 -2.4189000393176273e+08
	 -2.9627264614239700e+07 	 4.0834049668935218e+09 	 0.0000000000000000e+00 	 0.0000000000000000e+00 	 0.0000000000000000e+00 	 -3.1353659694597315e+07
	 0.0000000000000000e+00 	 0.0000000000000000e+00 	 2.7822399073926285e+10 	 1.6626918833303587e+09 	 6.7746870070196033e+08 	 0.0000000000000000e+00
	 0.0000000000000000e+00 	 0.0000000000000000e+00 	 1.6626918833293993e+09 	 6.4622836409066071e+10 	 -1.6314968421122363e+09 	 0.0000000000000000e+00
	 0.0000000000000000e+00 	 0.0000000000000000e+00 	 6.7746870070162272e+08 	 -1.6314968421125164e+09 	 6.5143182057823036e+10 	 0.0000000000000000e+00
	 -2.4189000393177280e+08 	 -3.1353659694563918e+07 	 0.0000000000000000e+00 	 0.0000000000000000e+00 	 0.0000000000000000e+00 	 3.6554887902903885e+10

	 1.8940164437557432e+03 	 0.0000000000000000e+00 	 0.0000000000000000e+00 	 0.0000000000000000e+00 	 0.0000000000000000e+00 	 -1.2147985777089448e+02
	 0.0000000000000000e+00 	 1.8940164437557432e+03 	 0.0000000000000000e+00 	 0.0000000000000000e+00 	 0.0000000000000000e+00 	 -2.7929295477899938e+01
	 0.0000000000000000e+00 	 0.0000000000000000e+00 	 1.8940164437557432e+03 	 1.2147985777089448e+02 	 2.7929295477899938e+01 	 0.0000000000000000e+00
	 0.0000000000000000e+00 	 0.0000000000000000e+00 	 1.2147985777089448e+02 	 4.4629519216330036e+03 	 -7.1129219048003051e+01 	 0.0000000000000000e+00
	 0.0000000000000000e+00 	 0.0000000000000000e+00 	 2.7929295477899938e+01 	 -7.1129219048003051e+01 	 4.3797046854736654e+03 	 0.0000000000000000e+00
	 -1.2147985777089448e+02 	 -2.7929295477899938e+01 	 0.0000000000000000e+00 	 0.0000000000000000e+00 	 0.0000000000000000e+00 	 8.8426566071066645e+03

	 0.068966 
	 2.4304780048887177e+09 	 -3.9924385112423301e+07 	 0.0000000000000000e+00 	 0.0000000000000000e+00 	 0.0000000000000000e+00 	 -1.9527794103686485e+08
	 -3.9924385112360485e+07 	 3.2179819070031605e+09 	 0.0000000000000000e+00 	 0.0000000000000000e+00 	 0.0000000000000000e+00 	 -2.6151909160341557e+07
	 0.0000000000000000e+00 	 0.0000000000000000e+00 	 2.1546695032642117e+10 	 2.2632649013600807e+09 	 1.0218352685397568e+09 	 0.0000000000000000e+00
	 0.0000000000000000e+00 	 0.0000000000000000e+00 	 2.2632649013593345e+09 	 4.5823890556905579e+10 	 -2.1999871867151761e+09 	 0.0000000000000000e+00
	 0.0000000000000000e+00 	 0.0000000000000000e+00 	 1.0218352685396723e+09 	 -2.1999871867151432e+09 	 4.2409547881362106e+10 	 0.0000000000000000e+00
	 -1.9527794103685832e+08 	 -2.6151909160351288e+07 	 0.0000000000000000e+00 	 0.0000000000000000e+00 	 0.0000000000000000e+00 	 2.2998741354786278e+10

	 1.4491652294743283e+03 	 0.0000000000000000e+00 	 0.0000000000000000e+00 	 0.0000000000000000e+00 	 0.0000000000000000e+00 	 -1.6983374230046633e+02
	 0.0000000000000000e+00 	 1.4491652294743283e+03 	 0.0000000000000000e+00 	 0.0000000000000000e+00 	 0.0000000000000000e+00 	 -4.4033060672670501e+01
	 0.0000000000000000e+00 	 0.0000000000000000e+00 	 1.4491652294743283e+03 	 1.6983374230046633e+02 	 4.4033060672670501e+01 	 0.0000000000000000e+00
	 0.0000000000000000e+00 	 0.0000000000000000e+00 	 1.6983374230046633e+02 	 3.1817025244990132e+03 	 -9.5537253150265485e+01 	 0.0000000000000000e+00
	 0.0000000000000000e+00 	 0.0000000000000000e+00 	 4.4033060672670501e+01 	 -9.5537253150265485e+01 	 2.7791862388597360e+03 	 0.0000000000000000e+00
	 -1.6983374230046633e+02 	 -4.4033060672670501e+01 	 0.0000000000000000e+00 	 0.0000000000000000e+00 	 0.0000000000000000e+00 	 5.9608887633587628e+03

	 0.103448 
	 1.8698522767965462e+09 	 4.9760606232076161e+07 	 0.0000000000000000e+00 	 0.0000000000000000e+00 	 0.0000000000000000e+00 	 -1.2642113265724836e+08
	 4.9760606232494123e+07 	 2.5493828397142491e+09 	 0.0000000000000000e+00 	 0.0000000000000000e+00 	 0.0000000000000000e+00 	 -2.3372719774730414e+07
	 0.0000000000000000e+00 	 0.0000000000000000e+00 	 1.7366217362110481e+10 	 2.6672434590112252e+09 	 1.2114482312168016e+09 	 0.0000000000000000e+00
	 0.0000000000000000e+00 	 0.0000000000000000e+00 	 2.6672434590118899e+09 	 3.2314691020880222e+10 	 -2.1365400617837024e+09 	 0.0000000000000000e+00
	 0.0000000000000000e+00 	 0.0000000000000000e+00 	 1.2114482312167103e+09 	 -2.1365400617845919e+09 	 2.8330175847680214e+10 	 0.0000000000000000e+00
	 -1.2642113265730326e+08 	 -2.3372719774653241e+07 	 0.0000000000000000e+00 	 0.0000000000000000e+00 	 0.0000000000000000e+00 	 1.3950945570168570e+10

	 1.2319613653736355e+03 	 0.0000000000000000e+00 	 0.0000000000000000e+00 	 0.0000000000000000e+00 	 0.0000000000000000e+00 	 -2.0237778983572014e+02
	 0.0000000000000000e+00 	 1.2319613653736355e+03 	 0.0000000000000000e+00 	 0.0000000000000000e+00 	 0.0000000000000000e+00 	 -5.0893282306365272e+01
	 0.0000000000000000e+00 	 0.0000000000000000e+00 	 1.2319613653736355e+03 	 2.0237778983572014e+02 	 5.0893282306365272e+01 	 0.0000000000000000e+00
	 0.0000000000000000e+00 	 0.0000000000000000e+00 	 2.0237778983572014e+02 	 2.2683330883388471e+03 	 -1.1349296795718377e+02 	 0.0000000000000000e+00
	 0.0000000000000000e+00 	 0.0000000000000000e+00 	 5.0893282306365272e+01 	 -1.1349296795718377e+02 	 1.8608025306685852e+03 	 0.0000000000000000e+00
	 -2.0237778983572014e+02 	 -5.0893282306365272e+01 	 0.0000000000000000e+00 	 0.0000000000000000e+00 	 0.0000000000000000e+00 	 4.1291356190074384e+03

	 0.137931 
	 1.2022961126429026e+09 	 3.6022654710382447e+07 	 0.0000000000000000e+00 	 0.0000000000000000e+00 	 0.0000000000000000e+00 	 -3.0146957674281195e+07
	 3.6022654710660368e+07 	 1.9726566298572023e+09 	 0.0000000000000000e+00 	 0.0000000000000000e+00 	 0.0000000000000000e+00 	 -1.1786361484719476e+07
	 0.0000000000000000e+00 	 0.0000000000000000e+00 	 1.4050747456630693e+10 	 2.9458387992847667e+09 	 1.2632080476611168e+09 	 0.0000000000000000e+00
	 0.0000000000000000e+00 	 0.0000000000000000e+00 	 2.9458387992848482e+09 	 2.3235897203721626e+10 	 -1.5666706754839320e+09 	 0.0000000000000000e+00
	 0.0000000000000000e+00 	 0.0000000000000000e+00 	 1.2632080476612177e+09 	 -1.5666706754839261e+09 	 1.8507762752730232e+10 	 0.0000000000000000e+00
	 -3.0146957674274147e+07 	 -1.1786361484688172e+07 	 0.0000000000000000e+00 	 0.0000000000000000e+00 	 0.0000000000000000e+00 	 7.9962108019860468e+09

	 9.8430398581188467e+02 	 0.0000000000000000e+00 	 0.0000000000000000e+00 	 0.0000000000000000e+00 	 0.0000000000000000e+00 	 -2.1741281630439534e+02
	 0.0000000000000000e+00 	 9.8430398581188467e+02 	 0.0000000000000000e+00 	 0.0000000000000000e+00 	 0.0000000000000000e+00 	 -5.2528614675391545e+01
	 0.0000000000000000e+00 	 0.0000000000000000e+00 	 9.8430398581188467e+02 	 2.1741281630439534e+02 	 5.2528614675391545e+01 	 0.0000000000000000e+00
	 0.0000000000000000e+00 	 0.0000000000000000e+00 	 2.1741281630439534e+02 	 1.6375352329374775e+03 	 -8.2084714499328598e+01 	 0.0000000000000000e+00
	 0.0000000000000000e+00 	 0.0000000000000000e+00 	 5.2528614675391545e+01 	 -8.2084714499328598e+01 	 1.1698800765715098e+03 	 0.0000000000000000e+00
	 -2.1741281630439534e+02 	 -5.2528614675391545e+01 	 0.0000000000000000e+00 	 0.0000000000000000e+00 	 0.0000000000000000e+00 	 2.8074153095089841e+03

	 0.172414 
	 7.7084353601420879e+08 	 2.7223756937093876e+07 	 0.0000000000000000e+00 	 0.0000000000000000e+00 	 0.0000000000000000e+00 	 4.1418649115045287e+07
	 2.7223756937067945e+07 	 1.5165187864399059e+09 	 0.0000000000000000e+00 	 0.0000000000000000e+00 	 0.0000000000000000e+00 	 1.5934871799283638e+06
	 0.0000000000000000e+00 	 0.0000000000000000e+00 	 1.1838186985390867e+10 	 2.9647437872385359e+09 	 1.1761983016279235e+09 	 0.0000000000000000e+00
	 0.0000000000000000e+00 	 0.0000000000000000e+00 	 2.9647437872393227e+09 	 1.7432954854303303e+10 	 -1.0536218406772692e+09 	 0.0000000000000000e+00
	 0.0000000000000000e+00 	 0.0000000000000000e+00 	 1.1761983016279299e+09 	 -1.0536218406774808e+09 	 1.2075280307803900e+10 	 0.0000000000000000e+00
	 4.1418649114934698e+07 	 1.5934871799299964e+06 	 0.0000000000000000e+00 	 0.0000000000000000e+00 	 0.0000000000000000e+00 	 4.3459078544323778e+09

	 8.1250431030080017e+02 	 0.0000000000000000e+00 	 0.0000000000000000e+00 	 0.0000000000000000e+00 	 0.0000000000000000e+00 	 -2.1703095564548596e+02
	 0.0000000000000000e+00 	 8.1250431030080017e+02 	 0.0000000000000000e+00 	 0.0000000000000000e+00 	 0.0000000000000000e+00 	 -4.7908946996055676e+01
	 0.0000000000000000e+00 	 0.0000000000000000e+00 	 8.1250431030080017e+02 	 2.1703095564548596e+02 	 4.7908946996055676e+01 	 0.0000000000000000e+00
	 0.0000000000000000e+00 	 0.0000000000000000e+00 	 2.1703095564548596e+02 	 1.2328143283752840e+03 	 -5.6610466264261859e+01 	 0.0000000000000000e+00
	 0.0000000000000000e+00 	 0.0000000000000000e+00 	 4.7908946996055676e+01 	 -5.6610466264261859e+01 	 7.3227258087372650e+02 	 0.0000000000000000e+00
	 -2.1703095564548596e+02 	 -4.7908946996055676e+01 	 0.0000000000000000e+00 	 0.0000000000000000e+00 	 0.0000000000000000e+00 	 1.9650869092490138e+03

	 0.206897 
	 5.2802802243998450e+08 	 2.3618096201666344e+07 	 0.0000000000000000e+00 	 0.0000000000000000e+00 	 0.0000000000000000e+00 	 6.3604029139430709e+07
	 2.3618096201637760e+07 	 1.1654491519799442e+09 	 0.0000000000000000e+00 	 0.0000000000000000e+00 	 0.0000000000000000e+00 	 1.1217696265921801e+07
	 0.0000000000000000e+00 	 0.0000000000000000e+00 	 1.0434441262451944e+10 	 2.9351120519332614e+09 	 1.0402410051767955e+09 	 0.0000000000000000e+00
	 0.0000000000000000e+00 	 0.0000000000000000e+00 	 2.9351120519334941e+09 	 1.4124344735233477e+10 	 -8.0937130914481783e+08 	 0.0000000000000000e+00
	 0.0000000000000000e+00 	 0.0000000000000000e+00 	 1.0402410051768215e+09 	 -8.0937130914482903e+08 	 8.2719772621825743e+09 	 0.0000000000000000e+00
	 6.3604029139617726e+07 	 1.1217696265870119e+07 	 0.0000000000000000e+00 	 0.0000000000000000e+00 	 0.0000000000000000e+00 	 2.4303817252277312e+09

	 7.0088288299296050e+02 	 0.0000000000000000e+00 	 0.0000000000000000e+00 	 0.0000000000000000e+00 	 0.0000000000000000e+00 	 -2.1670165749767844e+02
	 0.0000000000000000e+00 	 7.0088288299296050e+02 	 0.0000000000000000e+00 	 0.0000000000000000e+00 	 0.0000000000000000e+00 	 -4.1504913345826530e+01
	 0.0000000000000000e+00 	 0.0000000000000000e+00 	 7.0088288299296050e+02 	 2.1670165749767844e+02 	 4.1504913345826530e+01 	 0.0000000000000000e+00
	 0.0000000000000000e+00 	 0.0000000000000000e+00 	 2.1670165749767844e+02 	 1.0032645911617464e+03 	 -4.5510237071512918e+01 	 0.0000000000000000e+00
	 0.0000000000000000e+00 	 0.0000000000000000e+00 	 4.1504913345826530e+01 	 -4.5510237071512918e+01 	 4.8338176879727422e+02 	 0.0000000000000000e+00
	 -2.1670165749767844e+02 	 -4.1504913345826530e+01 	 0.0000000000000000e+00 	 0.0000000000000000e+00 	 0.0000000000000000e+00 	 1.4866463599590213e+03

	 0.241379 
	 4.1195950641954005e+08 	 2.3372917313367072e+07 	 0.0000000000000000e+00 	 0.0000000000000000e+00 	 0.0000000000000000e+00 	 5.1660821165293641e+07
	 2.3372917313483778e+07 	 9.2970559846050155e+08 	 0.0000000000000000e+00 	 0.0000000000000000e+00 	 0.0000000000000000e+00 	 1.9597143767231923e+07
	 0.0000000000000000e+00 	 0.0000000000000000e+00 	 9.6875029708904018e+09 	 3.0512300258722296e+09 	 9.1844998368061745e+08 	 0.0000000000000000e+00
	 0.0000000000000000e+00 	 0.0000000000000000e+00 	 3.0512300258722000e+09 	 1.2801082845702463e+10 	 -7.5200315949848235e+08 	 0.0000000000000000e+00
	 0.0000000000000000e+00 	 0.0000000000000000e+00 	 9.1844998368051434e+08 	 -7.5200315949834299e+08 	 6.4398845806165781e+09 	 0.0000000000000000e+00
	 5.1660821165178858e+07 	 1.9597143767299350e+07 	 0.0000000000000000e+00 	 0.0000000000000000e+00 	 0.0000000000000000e+00 	 1.5888874638372037e+09

	 6.3998707030357446e+02 	 0.0000000000000000e+00 	 0.0000000000000000e+00 	 0.0000000000000000e+00 	 0.0000000000000000e+00 	 -2.2857705284060702e+02
	 0.0000000000000000e+00 	 6.3998707030357446e+02 	 0.0000000000000000e+00 	 0.0000000000000000e+00 	 0.0000000000000000e+00 	 -3.5635016404009228e+01
	 0.0000000000000000e+00 	 0.0000000000000000e+00 	 6.3998707030357446e+02 	 2.2857705284060702e+02 	 3.5635016404009228e+01 	 0.0000000000000000e+00
	 0.0000000000000000e+00 	 0.0000000000000000e+00 	 2.2857705284060702e+02 	 9.1160957224706772e+02 	 -4.3430071590850098e+01 	 0.0000000000000000e+00
	 0.0000000000000000e+00 	 0.0000000000000000e+00 	 3.5635016404009228e+01 	 -4.3430071590850098e+01 	 3.6688851050278168e+02 	 0.0000000000000000e+00
	 -2.2857705284060702e+02 	 -3.5635016404009228e+01 	 0.0000000000000000e+00 	 0.0000000000000000e+00 	 0.0000000000000000e+00 	 1.2784980827498491e+03

	 0.275862 
	 3.3723020778921431e+08 	 2.0872966383812714e+07 	 0.0000000000000000e+00 	 0.0000000000000000e+00 	 0.0000000000000000e+00 	 4.9936741146052144e+07
	 2.0872966383882117e+07 	 8.1106381358654916e+08 	 0.0000000000000000e+00 	 0.0000000000000000e+00 	 0.0000000000000000e+00 	 2.5599503178460211e+07
	 0.0000000000000000e+00 	 0.0000000000000000e+00 	 9.3548003593494987e+09 	 3.3096080668583694e+09 	 7.6186537763169098e+08 	 0.0000000000000000e+00
	 0.0000000000000000e+00 	 0.0000000000000000e+00 	 3.3096080668586211e+09 	 1.2686527006421818e+10 	 -6.5883167349494183e+08 	 0.0000000000000000e+00
	 0.0000000000000000e+00 	 0.0000000000000000e+00 	 7.6186537763216424e+08 	 -6.5883167349479532e+08 	 5.0306516234261370e+09 	 0.0000000000000000e+00
	 4.9936741146077827e+07 	 2.5599503178525109e+07 	 0.0000000000000000e+00 	 0.0000000000000000e+00 	 0.0000000000000000e+00 	 1.1008739252781250e+09

	 6.0938186112752192e+02 	 0.0000000000000000e+00 	 0.0000000000000000e+00 	 0.0000000000000000e+00 	 0.0000000000000000e+00 	 -2.5108379385652603e+02
	 0.0000000000000000e+00 	 6.0938186112752192e+02 	 0.0000000000000000e+00 	 0.0000000000000000e+00 	 0.0000000000000000e+00 	 -2.7893836799772842e+01
	 0.0000000000000000e+00 	 0.0000000000000000e+00 	 6.0938186112752192e+02 	 2.5108379385652603e+02 	 2.7893836799772842e+01 	 0.0000000000000000e+00
	 0.0000000000000000e+00 	 0.0000000000000000e+00 	 2.5108379385652603e+02 	 9.0644925153282657e+02 	 -3.9943330882237582e+01 	 0.0000000000000000e+00
	 0.0000000000000000e+00 	 0.0000000000000000e+00 	 2.7893836799772842e+01 	 -3.9943330882237582e+01 	 2.8135719247253564e+02 	 0.0000000000000000e+00
	 -2.5108379385652603e+02 	 -2.7893836799772842e+01 	 0.0000000000000000e+00 	 0.0000000000000000e+00 	 0.0000000000000000e+00 	 1.1878064440053599e+03

	 0.310345 
	 3.0225341030033672e+08 	 1.8853871382225424e+07 	 0.0000000000000000e+00 	 0.0000000000000000e+00 	 0.0000000000000000e+00 	 4.6809295545354716e+07
	 1.8853871382266294e+07 	 7.7406309234043694e+08 	 0.0000000000000000e+00 	 0.0000000000000000e+00 	 0.0000000000000000e+00 	 2.8398360242397945e+07
	 0.0000000000000000e+00 	 0.0000000000000000e+00 	 9.2939324795359535e+09 	 3.7309015283998337e+09 	 6.5060874561081302e+08 	 0.0000000000000000e+00
	 0.0000000000000000e+00 	 0.0000000000000000e+00 	 3.7309015283996744e+09 	 1.3407331807577518e+10 	 -5.9902106384700799e+08 	 0.0000000000000000e+00
	 0.0000000000000000e+00 	 0.0000000000000000e+00 	 6.5060874561062837e+08 	 -5.9902106384702826e+08 	 4.3014625219983130e+09 	 0.0000000000000000e+00
	 4.6809295545337051e+07 	 2.8398360242440708e+07 	 0.0000000000000000e+00 	 0.0000000000000000e+00 	 0.0000000000000000e+00 	 8.8963449591344213e+08

	 6.0081930438091013e+02 	 0.0000000000000000e+00 	 0.0000000000000000e+00 	 0.0000000000000000e+00 	 0.0000000000000000e+00 	 -2.8518584552910187e+02
	 0.0000000000000000e+00 	 6.0081930438091013e+02 	 0.0000000000000000e+00 	 0.0000000000000000e+00 	 0.0000000000000000e+00 	 -2.2574807979661653e+01
	 0.0000000000000000e+00 	 0.0000000000000000e+00 	 6.0081930438091013e+02 	 2.8518584552910187e+02 	 2.2574807979661653e+01 	 0.0000000000000000e+00
	 0.0000000000000000e+00 	 0.0000000000000000e+00 	 2.8518584552910187e+02 	 9.6137016498320781e+02 	 -3.8161126282561717e+01 	 0.0000000000000000e+00
	 0.0000000000000000e+00 	 0.0000000000000000e+00 	 2.2574807979661653e+01 	 -3.8161126282561717e+01 	 2.3834636929500616e+02 	 0.0000000000000000e+00
	 -2.8518584552910187e+02 	 -2.2574807979661653e+01 	 0.0000000000000000e+00 	 0.0000000000000000e+00 	 0.0000000000000000e+00 	 1.1997165342782148e+03

	 0.344828 
	 2.8527054464673615e+08 	 1.8282277938174494e+07 	 0.0000000000000000e+00 	 0.0000000000000000e+00 	 0.0000000000000000e+00 	 3.8493103432051547e+07
	 1.8282277938250724e+07 	 7.3201668766875792e+08 	 0.0000000000000000e+00 	 0.0000000000000000e+00 	 0.0000000000000000e+00 	 2.6469866731670421e+07
	 0.0000000000000000e+00 	 0.0000000000000000e+00 	 9.1584202479814129e+09 	 4.0371933965156803e+09 	 5.9788365925844836e+08 	 0.0000000000000000e+00
	 0.0000000000000000e+00 	 0.0000000000000000e+00 	 4.0371933965159035e+09 	 1.3954800281196983e+10 	 -5.6209672624277043e+08 	 0.0000000000000000e+00
	 0.0000000000000000e+00 	 0.0000000000000000e+00 	 5.9788365925859010e+08 	 -5.6209672624287403e+08 	 3.9643309714049382e+09 	 0.0000000000000000e+00
	 3.8493103431950487e+07 	 2.6469866731564723e+07 	 0.0000000000000000e+00 	 0.0000000000000000e+00 	 0.0000000000000000e+00 	 7.8360290835416138e+08

	 5.8947314533814483e+02 	 0.0000000000000000e+00 	 0.0000000000000000e+00 	 0.0000000000000000e+00 	 0.0000000000000000e+00 	 -3.1109716591899161e+02
	 0.0000000000000000e+00 	 5.8947314533814483e+02 	 0.0000000000000000e+00 	 0.0000000000000000e+00 	 0.0000000000000000e+00 	 -2.0693591470096379e+01
	 0.0000000000000000e+00 	 0.0000000000000000e+00 	 5.8947314533814483e+02 	 3.1109716591899161e+02 	 2.0693591470096379e+01 	 0.0000000000000000e+00
	 0.0000000000000000e+00 	 0.0000000000000000e+00 	 3.1109716591899161e+02 	 1.0034070106225133e+03 	 -3.6842868248210515e+01 	 0.0000000000000000e+00
	 0.0000000000000000e+00 	 0.0000000000000000e+00 	 2.0693591470096379e+01 	 -3.6842868248210515e+01 	 2.1866215462156748e+02 	 0.0000000000000000e+00
	 -3.1109716591899161e+02 	 -2.0693591470096379e+01 	 0.0000000000000000e+00 	 0.0000000000000000e+00 	 0.0000000000000000e+00 	 1.2220691652440839e+03

	 0.379310 
	 2.6380776470366344e+08 	 1.7639184343021184e+07 	 0.0000000000000000e+00 	 0.0000000000000000e+00 	 0.0000000000000000e+00 	 3.1205859603104897e+07
	 1.7639184343412329e+07 	 6.8792334436012590e+08 	 0.0000000000000000e+00 	 0.0000000000000000e+00 	 0.0000000000000000e+00 	 2.3966954298165128e+07
	 0.0000000000000000e+00 	 0.0000000000000000e+00 	 8.9194579433356190e+09 	 4.1549780046531343e+09 	 5.3291010091722614e+08 	 0.0000000000000000e+00
	 0.0000000000000000e+00 	 0.0000000000000000e+00 	 4.1549780046539569e+09 	 1.3829708552685583e+10 	 -5.0565824730236697e+08 	 0.0000000000000000e+00
	 0.0000000000000000e+00 	 0.0000000000000000e+00 	 5.3291010091730118e+08 	 -5.0565824730241156e+08 	 3.4807612217628379e+09 	 0.0000000000000000e+00
	 3.1205859603071451e+07 	 2.3966954298152339e+07 	 0.0000000000000000e+00 	 0.0000000000000000e+00 	 0.0000000000000000e+00 	 6.6061271029340565e+08

	 5.6958792879923215e+02 	 0.0000000000000000e+00 	 0.0000000000000000e+00 	 0.0000000000000000e+00 	 0.0000000000000000e+00 	 -3.2072565995885356e+02
	 0.0000000000000000e+00 	 5.6958792879923215e+02 	 0.0000000000000000e+00 	 0.0000000000000000e+00 	 0.0000000000000000e+00 	 -1.8464875911789992e+01
	 0.0000000000000000e+00 	 0.0000000000000000e+00 	 5.6958792879923215e+02 	 3.2072565995885356e+02 	 1.8464875911789992e+01 	 0.0000000000000000e+00
	 0.0000000000000000e+00 	 0.0000000000000000e+00 	 3.2072565995885356e+02 	 9.9393888172538573e+02 	 -3.3887659622916679e+01 	 0.0000000000000000e+00
	 0.0000000000000000e+00 	 0.0000000000000000e+00 	 1.8464875911789992e+01 	 -3.3887659622916679e+01 	 1.9080689498706485e+02 	 0.0000000000000000e+00
	 -3.2072565995885356e+02 	 -1.8464875911789992e+01 	 0.0000000000000000e+00 	 0.0000000000000000e+00 	 0.0000000000000000e+00 	 1.1847457767124515e+03

	 0.413793 
	 1.6999677488025191e+08 	 1.3308432837762281e+07 	 0.0000000000000000e+00 	 0.0000000000000000e+00 	 0.0000000000000000e+00 	 3.7712212451855101e+07
	 1.3308432851101482e+07 	 6.4440286517735827e+08 	 0.0000000000000000e+00 	 0.0000000000000000e+00 	 0.0000000000000000e+00 	 1.8794188550518204e+07
	 0.0000000000000000e+00 	 0.0000000000000000e+00 	 8.5119618484746628e+09 	 3.8943513997468095e+09 	 4.6382398764847875e+08 	 0.0000000000000000e+00
	 0.0000000000000000e+00 	 0.0000000000000000e+00 	 3.8943513997406731e+09 	 1.2420308568416962e+10 	 -4.1369571039612997e+08 	 0.0000000000000000e+00
	 0.0000000000000000e+00 	 0.0000000000000000e+00 	 4.6382398763772768e+08 	 -4.1369571041703451e+08 	 2.8129961456559696e+09 	 0.0000000000000000e+00
	 3.7712212444808498e+07 	 1.8794188564629707e+07 	 0.0000000000000000e+00 	 0.0000000000000000e+00 	 0.0000000000000000e+00 	 5.1866806243014538e+08

	 5.4715143646959632e+02 	 0.0000000000000000e+00 	 0.0000000000000000e+00 	 0.0000000000000000e+00 	 0.0000000000000000e+00 	 -2.8703086643424092e+02
	 0.0000000000000000e+00 	 5.4715143646959632e+02 	 0.0000000000000000e+00 	 0.0000000000000000e+00 	 0.0000000000000000e+00 	 -1.6605850791931900e+01
	 0.0000000000000000e+00 	 0.0000000000000000e+00 	 5.4715143646959632e+02 	 2.8703086643424092e+02 	 1.6605850791931900e+01 	 0.0000000000000000e+00
	 0.0000000000000000e+00 	 0.0000000000000000e+00 	 2.8703086643424092e+02 	 9.1198678338389504e+02 	 -2.7053691643933011e+01 	 0.0000000000000000e+00
	 0.0000000000000000e+00 	 0.0000000000000000e+00 	 1.6605850791931900e+01 	 -2.7053691643933011e+01 	 1.5415867103404292e+02 	 0.0000000000000000e+00
	 -2.8703086643424092e+02 	 -1.6605850791931900e+01 	 0.0000000000000000e+00 	 0.0000000000000000e+00 	 0.0000000000000000e+00 	 1.0661454544179405e+03

	 0.448276 
	 1.3989256033569342e+08 	 1.0875893266024766e+07 	 0.0000000000000000e+00 	 0.0000000000000000e+00 	 0.0000000000000000e+00 	 2.1663577521795511e+07
	 1.0875893266066639e+07 	 5.6531757888945830e+08 	 0.0000000000000000e+00 	 0.0000000000000000e+00 	 0.0000000000000000e+00 	 1.8527377118249331e+07
	 0.0000000000000000e+00 	 0.0000000000000000e+00 	 7.9789649201708946e+09 	 3.4853244717594271e+09 	 3.7322240996315360e+08 	 0.0000000000000000e+00
	 0.0000000000000000e+00 	 0.0000000000000000e+00 	 3.4853244717594700e+09 	 1.0230491152635370e+10 	 -3.1189761361155391e+08 	 0.0000000000000000e+00
	 0.0000000000000000e+00 	 0.0000000000000000e+00 	 3.7322240996336067e+08 	 -3.1189761361143732e+08 	 2.1507422453243980e+09 	 0.0000000000000000e+00
	 2.1663577521789256e+07 	 1.8527377118251819e+07 	 0.0000000000000000e+00 	 0.0000000000000000e+00 	 0.0000000000000000e+00 	 3.6092098273535472e+08

	 4.8574976723138730e+02 	 0.0000000000000000e+00 	 0.0000000000000000e+00 	 0.0000000000000000e+00 	 0.0000000000000000e+00 	 -2.6090552358804399e+02
	 0.0000000000000000e+00 	 4.8574976723138730e+02 	 0.0000000000000000e+00 	 0.0000000000000000e+00 	 0.0000000000000000e+00 	 -1.3027354399351884e+01
	 0.0000000000000000e+00 	 0.0000000000000000e+00 	 4.8574976723138730e+02 	 2.6090552358804399e+02 	 1.3027354399351884e+01 	 0.0000000000000000e+00
	 0.0000000000000000e+00 	 0.0000000000000000e+00 	 2.6090552358804399e+02 	 7.1772767162175137e+02 	 -2.1551634410963935e+01 	 0.0000000000000000e+00
	 0.0000000000000000e+00 	 0.0000000000000000e+00 	 1.3027354399351884e+01 	 -2.1551634410963935e+01 	 1.1417708921892941e+02 	 0.0000000000000000e+00
	 -2.6090552358804399e+02 	 -1.3027354399351884e+01 	 0.0000000000000000e+00 	 0.0000000000000000e+00 	 0.0000000000000000e+00 	 8.3190476084067996e+02

	 0.482759 
	 1.1929319033748877e+08 	 7.2911128177070562e+06 	 0.0000000000000000e+00 	 0.0000000000000000e+00 	 0.0000000000000000e+00 	 1.8255168539157078e+07
	 7.2911128177026771e+06 	 5.0294488135123760e+08 	 0.0000000000000000e+00 	 0.0000000000000000e+00 	 0.0000000000000000e+00 	 1.7145546642483097e+07
	 0.0000000000000000e+00 	 0.0000000000000000e+00 	 7.4460546491733627e+09 	 2.9021546772800527e+09 	 2.6009528120283350e+08 	 0.0000000000000000e+00
	 0.0000000000000000e+00 	 0.0000000000000000e+00 	 2.9021546772800527e+09 	 7.9256552114325399e+09 	 -2.1272849397687790e+08 	 0.0000000000000000e+00
	 0.0000000000000000e+00 	 0.0000000000000000e+00 	 2.6009528120280063e+08 	 -2.1272849397688684e+08 	 1.5933293950634680e+09 	 0.0000000000000000e+00
	 1.8255168539115116e+07 	 1.7145546642504238e+07 	 0.0000000000000000e+00 	 0.0000000000000000e+00 	 0.0000000000000000e+00 	 2.5590624575769749e+08

	 4.4300829246681059e+02 	 0.0000000000000000e+00 	 0.0000000000000000e+00 	 0.0000000000000000e+00 	 0.0000000000000000e+00 	 -2.1218203827757836e+02
	 0.0000000000000000e+00 	 4.4300829246681059e+02 	 0.0000000000000000e+00 	 0.0000000000000000e+00 	 0.0000000000000000e+00 	 -8.3312475360976581e+00
	 0.0000000000000000e+00 	 0.0000000000000000e+00 	 4.4300829246681059e+02 	 2.1218203827757836e+02 	 8.3312475360976581e+00 	 0.0000000000000000e+00
	 0.0000000000000000e+00 	 0.0000000000000000e+00 	 2.1218203827757836e+02 	 5.4415905039377310e+02 	 -1.5204315587084613e+01 	 0.0000000000000000e+00
	 0.0000000000000000e+00 	 0.0000000000000000e+00 	 8.3312475360976581e+00 	 -1.5204315587084613e+01 	 8.3333238744684820e+01 	 0.0000000000000000e+00
	 -2.1218203827757836e+02 	 -8.3312475360976581e+00 	 0.0000000000000000e+00 	 0.0000000000000000e+00 	 0.0000000000000000e+00 	 6.2749228913845866e+02

	 0.517241 
	 9.9471861660187036e+07 	 4.5958942922653640e+06 	 0.0000000000000000e+00 	 0.0000000000000000e+00 	 0.0000000000000000e+00 	 1.4999156859434020e+07
	 4.5958942922975579e+06 	 4.4322237406110835e+08 	 0.0000000000000000e+00 	 0.0000000000000000e+00 	 0.0000000000000000e+00 	 1.5323963424348850e+07
	 0.0000000000000000e+00 	 0.0000000000000000e+00 	 6.8830778176174173e+09 	 2.3027511800432987e+09 	 1.6515161329376778e+08 	 0.0000000000000000e+00
	 0.0000000000000000e+00 	 0.0000000000000000e+00 	 2.3027511800432591e+09 	 5.7762027102554884e+09 	 -1.3760979165942308e+08 	 0.0000000000000000e+00
	 0.0000000000000000e+00 	 0.0000000000000000e+00 	 1.6515161329378012e+08 	 -1.3760979165947768e+08 	 1.1221201256516311e+09 	 0.0000000000000000e+00
	 1.4999156859460205e+07 	 1.5323963424402583e+07 	 0.0000000000000000e+00 	 0.0000000000000000e+00 	 0.0000000000000000e+00 	 1.7259903823203513e+08

	 3.9911139553944867e+02 	 0.0000000000000000e+00 	 0.0000000000000000e+00 	 0.0000000000000000e+00 	 0.0000000000000000e+00 	 -1.6312649302723389e+02
	 0.0000000000000000e+00 	 3.9911139553944867e+02 	 0.0000000000000000e+00 	 0.0000000000000000e+00 	 0.0000000000000000e+00 	 -4.5943449860248649e+00
	 0.0000000000000000e+00 	 0.0000000000000000e+00 	 3.9911139553944867e+02 	 1.6312649302723389e+02 	 4.5943449860248649e+00 	 0.0000000000000000e+00
	 0.0000000000000000e+00 	 0.0000000000000000e+00 	 1.6312649302723389e+02 	 3.8593986077963388e+02 	 -1.0117239808339752e+01 	 0.0000000000000000e+00
	 0.0000000000000000e+00 	 0.0000000000000000e+00 	 4.5943449860248649e+00 	 -1.0117239808339752e+01 	 5.7722867140924890e+01 	 0.0000000000000000e+00
	 -1.6312649302723389e+02 	 -4.5943449860248649e+00 	 0.0000000000000000e+00 	 0.0000000000000000e+00 	 0.0000000000000000e+00 	 4.4366272792055935e+02

	 0.551724 
	 8.1508019913684532e+07 	 2.8181561165719302e+06 	 0.0000000000000000e+00 	 0.0000000000000000e+00 	 0.0000000000000000e+00 	 1.2279980847928870e+07
	 2.8181561165980487e+06 	 3.8979049548443300e+08 	 0.0000000000000000e+00 	 0.0000000000000000e+00 	 0.0000000000000000e+00 	 1.3266260528459022e+07
	 0.0000000000000000e+00 	 0.0000000000000000e+00 	 6.3091844006092787e+09 	 1.7669291863253498e+09 	 8.9438544428976625e+07 	 0.0000000000000000e+00
	 0.0000000000000000e+00 	 0.0000000000000000e+00 	 1.7669291863253663e+09 	 4.0429763951895041e+09 	 -8.6538912539001852e+07 	 0.0000000000000000e+00
	 0.0000000000000000e+00 	 0.0000000000000000e+00 	 8.9438544428987205e+07 	 -8.6538912538999110e+07 	 7.5649118873187459e+08 	 0.0000000000000000e+00
	 1.2279980847925782e+07 	 1.3266260528469970e+07 	 0.0000000000000000e+00 	 0.0000000000000000e+00 	 0.0000000000000000e+00 	 1.1244221085611664e+08

	 3.5582510636566792e+02 	 0.0000000000000000e+00 	 0.0000000000000000e+00 	 0.0000000000000000e+00 	 0.0000000000000000e+00 	 -1.2029184134869227e+02
	 0.0000000000000000e+00 	 3.5582510636566792e+02 	 0.0000000000000000e+00 	 0.0000000000000000e+00 	 0.0000000000000000e+00 	 -1.7590369551162386e+00
	 0.0000000000000000e+00 	 0.0000000000000000e+00 	 3.5582510636566792e+02 	 1.2029184134869227e+02 	 1.7590369551162386e+00 	 0.0000000000000000e+00
	 0.0000000000000000e+00 	 0.0000000000000000e+00 	 1.2029184134869227e+02 	 2.6141595009057988e+02 	 -6.4739020696855256e+00 	 0.0000000000000000e+00
	 0.0000000000000000e+00 	 0.0000000000000000e+00 	 1.7590369551162386e+00 	 -6.4739020696855256e+00 	 3.8261325800040687e+01 	 0.0000000000000000e+00
	 -1.2029184134869227e+02 	 -1.7590369551162386e+00 	 0.0000000000000000e+00 	 0.0000000000000000e+00 	 0.0000000000000000e+00 	 2.9967727589062025e+02

	 0.586207 
	 6.5970207100768127e+07 	 1.8230014558808866e+06 	 0.0000000000000000e+00 	 0.0000000000000000e+00 	 0.0000000000000000e+00 	 1.0668458801691450e+07
	 1.8230014559696768e+06 	 3.4588991509108299e+08 	 0.0000000000000000e+00 	 0.0000000000000000e+00 	 0.0000000000000000e+00 	 1.1159793361724833e+07
	 0.0000000000000000e+00 	 0.0000000000000000e+00 	 5.7350458235531654e+09 	 1.3009126809728127e+09 	 3.3239040542520314e+07 	 0.0000000000000000e+00
	 0.0000000000000000e+00 	 0.0000000000000000e+00 	 1.3009126809728293e+09 	 2.7180044218589358e+09 	 -5.3608212613253489e+07 	 0.0000000000000000e+00
	 0.0000000000000000e+00 	 0.0000000000000000e+00 	 3.3239040542535152e+07 	 -5.3608212613256529e+07 	 4.9338528930661678e+08 	 0.0000000000000000e+00
	 1.0668458801702539e+07 	 1.1159793361720348e+07 	 0.0000000000000000e+00 	 0.0000000000000000e+00 	 0.0000000000000000e+00 	 7.2010547510689795e+07

	 3.1436609676236117e+02 	 0.0000000000000000e+00 	 0.0000000000000000e+00 	 0.0000000000000000e+00 	 0.0000000000000000e+00 	 -8.4989329314467597e+01
	 0.0000000000000000e+00 	 3.1436609676236117e+02 	 0.0000000000000000e+00 	 0.0000000000000000e+00 	 0.0000000000000000e+00 	 2.2955025304353982e-01
	 0.0000000000000000e+00 	 0.0000000000000000e+00 	 3.1436609676236117e+02 	 8.4989329314467597e+01 	 -2.2955025304353982e-01 	 0.0000000000000000e+00
	 0.0000000000000000e+00 	 0.0000000000000000e+00 	 8.4989329314467597e+01 	 1.7007381362088125e+02 	 -4.0280920996585197e+00 	 0.0000000000000000e+00
	 0.0000000000000000e+00 	 0.0000000000000000e+00 	 -2.2955025304353982e-01 	 -4.0280920996585197e+00 	 2.4553611508589960e+01 	 0.0000000000000000e+00
	 -8.4989329314467597e+01 	 2.2955025304353982e-01 	 0.0000000000000000e+00 	 0.0000000000000000e+00 	 0.0000000000000000e+00 	 1.9462742512947170e+02

	 0.620690 
	 5.3344368821358293e+07 	 1.5294073288319816e+06 	 0.0000000000000000e+00 	 0.0000000000000000e+00 	 0.0000000000000000e+00 	 8.7556258683948144e+06
	 1.5294073288704271e+06 	 3.1221107480951917e+08 	 0.0000000000000000e+00 	 0.0000000000000000e+00 	 0.0000000000000000e+00 	 9.2780692454893012e+06
	 0.0000000000000000e+00 	 0.0000000000000000e+00 	 5.1774756988754435e+09 	 9.4100375616563249e+08 	 -5.1877184269837774e+06 	 0.0000000000000000e+00
	 0.0000000000000000e+00 	 0.0000000000000000e+00 	 9.4100375616561770e+08 	 1.8111566307661533e+09 	 -3.4138377060319625e+07 	 0.0000000000000000e+00
	 0.0000000000000000e+00 	 0.0000000000000000e+00 	 -5.1877184269757802e+06 	 -3.4138377060312189e+07 	 3.1603593090685487e+08 	 0.0000000000000000e+00
	 8.7556258684075903e+06 	 9.2780692454856709e+06 	 0.0000000000000000e+00 	 0.0000000000000000e+00 	 0.0000000000000000e+00 	 4.6034352650033034e+07

	 2.7665299933518446e+02 	 0.0000000000000000e+00 	 0.0000000000000000e+00 	 0.0000000000000000e+00 	 0.0000000000000000e+00 	 -5.9250856067824152e+01
	 0.0000000000000000e+00 	 2.7665299933518446e+02 	 0.0000000000000000e+00 	 0.0000000000000000e+00 	 0.0000000000000000e+00 	 1.5211165769609578e+00
	 0.0000000000000000e+00 	 0.0000000000000000e+00 	 2.7665299933518446e+02 	 5.9250856067824152e+01 	 -1.5211165769609578e+00 	 0.0000000000000000e+00
	 0.0000000000000000e+00 	 0.0000000000000000e+00 	 5.9250856067824152e+01 	 1.0985478786132762e+02 	 -2.5280844738250168e+00 	 0.0000000000000000e+00
	 0.0000000000000000e+00 	 0.0000000000000000e+00 	 -1.5211165769609578e+00 	 -2.5280844738250168e+00 	 1.5515051754736096e+01 	 0.0000000000000000e+00
	 -5.9250856067824152e+01 	 1.5211165769609578e+00 	 0.0000000000000000e+00 	 0.0000000000000000e+00 	 0.0000000000000000e+00 	 1.2536983961606353e+02

	 0.655172 
	 4.4560024847290114e+07 	 1.0753487850966617e+06 	 0.0000000000000000e+00 	 0.0000000000000000e+00 	 0.0000000000000000e+00 	 7.1034395999015616e+06
	 1.0753487850863494e+06 	 2.8100221749345654e+08 	 0.0000000000000000e+00 	 0.0000000000000000e+00 	 0.0000000000000000e+00 	 8.9752689099624455e+06
	 0.0000000000000000e+00 	 0.0000000000000000e+00 	 4.5946353760989656e+09 	 6.9669337215985715e+08 	 -4.6695446391851380e+07 	 0.0000000000000000e+00
	 0.0000000000000000e+00 	 0.0000000000000000e+00 	 6.9669337215985262e+08 	 1.2685261508487520e+09 	 -2.4819143625414915e+07 	 0.0000000000000000e+00
	 0.0000000000000000e+00 	 0.0000000000000000e+00 	 -4.6695446391841218e+07 	 -2.4819143625411078e+07 	 2.1061446670872223e+08 	 0.0000000000000000e+00
	 7.1034395999009898e+06 	 8.9752689099583868e+06 	 0.0000000000000000e+00 	 0.0000000000000000e+00 	 0.0000000000000000e+00 	 3.1266766531956159e+07

	 2.4167166492747225e+02 	 0.0000000000000000e+00 	 0.0000000000000000e+00 	 0.0000000000000000e+00 	 0.0000000000000000e+00 	 -4.3269589435037787e+01
	 0.0000000000000000e+00 	 2.4167166492747225e+02 	 0.0000000000000000e+00 	 0.0000000000000000e+00 	 0.0000000000000000e+00 	 3.0874425106893972e+00
	 0.0000000000000000e+00 	 0.0000000000000000e+00 	 2.4167166492747225e+02 	 4.3269589435037787e+01 	 -3.0874425106893972e+00 	 0.0000000000000000e+00
	 0.0000000000000000e+00 	 0.0000000000000000e+00 	 4.3269589435037787e+01 	 7.5497124164285466e+01 	 -1.7515384463121937e+00 	 0.0000000000000000e+00
	 0.0000000000000000e+00 	 0.0000000000000000e+00 	 -3.0874425106893972e+00 	 -1.7515384463121937e+00 	 1.0258475498734370e+01 	 0.0000000000000000e+00
	 -4.3269589435037787e+01 	 3.0874425106893972e+00 	 0.0000000000000000e+00 	 0.0000000000000000e+00 	 0.0000000000000000e+00 	 8.5755599663019936e+01

	 0.689655 
	 3.7551901174578160e+07 	 7.2362766481207788e+05 	 0.0000000000000000e+00 	 0.0000000000000000e+00 	 0.0000000000000000e+00 	 5.6220912032076279e+06
	 7.2362766483360552e+05 	 2.4389155637780914e+08 	 0.0000000000000000e+00 	 0.0000000000000000e+00 	 0.0000000000000000e+00 	 7.8762806221093433e+06
	 0.0000000000000000e+00 	 0.0000000000000000e+00 	 3.9369324538788013e+09 	 5.1634336435567057e+08 	 -6.0104834737340331e+07 	 0.0000000000000000e+00
	 0.0000000000000000e+00 	 0.0000000000000000e+00 	 5.1634336435566580e+08 	 8.8483380398903346e+08 	 -1.7957824457740296e+07 	 0.0000000000000000e+00
	 0.0000000000000000e+00 	 0.0000000000000000e+00 	 -6.0104834737339526e+07 	 -1.7957824457741708e+07 	 1.3835140842991084e+08 	 0.0000000000000000e+00
	 5.6220912032070933e+06 	 7.8762806221108520e+06 	 0.0000000000000000e+00 	 0.0000000000000000e+00 	 0.0000000000000000e+00 	 2.1314755699086614e+07

	 2.0552104744175566e+02 	 0.0000000000000000e+00 	 0.0000000000000000e+00 	 0.0000000000000000e+00 	 0.0000000000000000e+00 	 -3.2206500812610983e+01
	 0.0000000000000000e+00 	 2.0552104744175566e+02 	 0.0000000000000000e+00 	 0.0000000000000000e+00 	 0.0000000000000000e+00 	 3.5087563172490150e+00
	 0.0000000000000000e+00 	 0.0000000000000000e+00 	 2.0552104744175566e+02 	 3.2206500812610983e+01 	 -3.5087563172490150e+00 	 0.0000000000000000e+00
	 0.0000000000000000e+00 	 0.0000000000000000e+00 	 3.2206500812610983e+01 	 5.2353459217639887e+01 	 -1.2255614430129527e+00 	 0.0000000000000000e+00
	 0.0000000000000000e+00 	 0.0000000000000000e+00 	 -3.5087563172490150e+00 	 -1.2255614430129527e+00 	 6.7210822137390061e+00 	 0.0000000000000000e+00
	 -3.2206500812610983e+01 	 3.5087563172490150e+00 	 0.0000000000000000e+00 	 0.0000000000000000e+00 	 0.0000000000000000e+00 	 5.9074541431378861e+01

	 0.724138 
	 3.1706354450386610e+07 	 5.2768687224155676e+05 	 0.0000000000000000e+00 	 0.0000000000000000e+00 	 0.0000000000000000e+00 	 4.3272892125720559e+06
	 5.2768687224764575e+05 	 2.0982149685842845e+08 	 0.0000000000000000e+00 	 0.0000000000000000e+00 	 0.0000000000000000e+00 	 6.7841956253264649e+06
	 0.0000000000000000e+00 	 0.0000000000000000e+00 	 3.3579137540606742e+09 	 3.6729732655185902e+08 	 -6.4686118438738175e+07 	 0.0000000000000000e+00
	 0.0000000000000000e+00 	 0.0000000000000000e+00 	 3.6729732655187553e+08 	 6.1767052317309821e+08 	 -1.2668135669829678e+07 	 0.0000000000000000e+00
	 0.0000000000000000e+00 	 0.0000000000000000e+00 	 -6.4686118438737698e+07 	 -1.2668135669828065e+07 	 8.9344932384151563e+07 	 0.0000000000000000e+00
	 4.3272892125714440e+06 	 6.7841956253263028e+06 	 0.0000000000000000e+00 	 0.0000000000000000e+00 	 0.0000000000000000e+00 	 1.4464003625258479e+07

