 ------- BEAMDYN V1.00.* INDIVIDUAL BLADE INPUT FILE --------------------------
 Test Format 1
 ---------------------- BLADE PARAMETERS --------------------------------------
30   station_total    - Number of blade input stations (-)
 1   damp_type        - Damping type: 0: no damping; 1: damped
  ---------------------- DAMPING COEFFICIENT------------------------------------
   mu1        mu2        mu3        mu4        mu5        mu6
   (-)        (-)        (-)        (-)        (-)        (-)
0.020544812    0.012991535    0.012991535    0.012991535    0.020544812    0.012991535
 ---------------------- DISTRIBUTED PROPERTIES---------------------------------
	 0.000000 
	 4.7038617838214245e+09 	 -1.6520874019138654e-01 	 0.0000000000000000e+00 	 0.0000000000000000e+00 	 0.0000000000000000e+00 	 8.2312327419493806e+02
	 -1.6577420773112628e-01 	 4.7038606061337729e+09 	 0.0000000000000000e+00 	 0.0000000000000000e+00 	 0.0000000000000000e+00 	 -1.4819012254853730e+00
	 0.0000000000000000e+00 	 0.0000000000000000e+00 	 3.2143162914147697e+10 	 -5.7146182119940177e+03 	 3.1528851576290031e+00 	 0.0000000000000000e+00
	 0.0000000000000000e+00 	 0.0000000000000000e+00 	 -5.7146182759984922e+03 	 7.8381176835830505e+10 	 8.6711553378584298e+00 	 0.0000000000000000e+00
	 0.0000000000000000e+00 	 0.0000000000000000e+00 	 3.1530663224252842e+00 	 8.6715061660454928e+00 	 7.8381195918036865e+10 	 0.0000000000000000e+00
	 8.2312327433853807e+02 	 -1.4819009535381578e+00 	 0.0000000000000000e+00 	 0.0000000000000000e+00 	 0.0000000000000000e+00 	 4.5851360064601929e+10

	 2.2243213169713385e+03 	 0.0000000000000000e+00 	 0.0000000000000000e+00 	 0.0000000000000000e+00 	 0.0000000000000000e+00 	 3.9522661751699439e-04
	 0.0000000000000000e+00 	 2.2243213169713385e+03 	 0.0000000000000000e+00 	 0.0000000000000000e+00 	 0.0000000000000000e+00 	 -2.5819147618315851e-07
	 0.0000000000000000e+00 	 0.0000000000000000e+00 	 2.2243213169713385e+03 	 -3.9522661751699439e-04 	 2.5819147618315851e-07 	 0.0000000000000000e+00
	 0.0000000000000000e+00 	 0.0000000000000000e+00 	 -3.9522661751699439e-04 	 5.4252729273182340e+03 	 5.8079775021801453e-07 	 0.0000000000000000e+00
	 0.0000000000000000e+00 	 0.0000000000000000e+00 	 2.5819147618315851e-07 	 5.8079775021801453e-07 	 5.4252742504031203e+03 	 0.0000000000000000e+00
	 3.9522661751699439e-04 	 -2.5819147618315851e-07 	 0.0000000000000000e+00 	 0.0000000000000000e+00 	 0.0000000000000000e+00 	 1.0850547177721352e+04

	 0.034483 
	 3.3199720309162092e+09 	 -2.2333440458617423e+07 	 0.0000000000000000e+00 	 0.0000000000000000e+00 	 0.0000000000000000e+00 	 -1.1572436508728349e+08
	 -2.2333440458385561e+07 	 3.8991048298414640e+09 	 0.0000000000000000e+00 	 0.0000000000000000e+00 	 0.0000000000000000e+00 	 5.7561968973783515e+06
	 0.0000000000000000e+00 	 0.0000000000000000e+00 	 2.6985514678512447e+10 	 9.4879338624069560e+08 	 5.8516946544441068e+08 	 0.0000000000000000e+00
	 0.0000000000000000e+00 	 0.0000000000000000e+00 	 9.4879338623983550e+08 	 5.8929411835560730e+10 	 -2.8342434593684607e+09 	 0.0000000000000000e+00
	 0.0000000000000000e+00 	 0.0000000000000000e+00 	 5.8516946544375718e+08 	 -2.8342434593679690e+09 	 5.8726499169908607e+10 	 0.0000000000000000e+00
	 -1.1572436508728980e+08 	 5.7561968973865062e+06 	 0.0000000000000000e+00 	 0.0000000000000000e+00 	 0.0000000000000000e+00 	 3.1551547822364643e+10

	 1.7281610321945313e+03 	 0.0000000000000000e+00 	 0.0000000000000000e+00 	 0.0000000000000000e+00 	 0.0000000000000000e+00 	 -7.9535247452045013e+01
	 0.0000000000000000e+00 	 1.7281610321945313e+03 	 0.0000000000000000e+00 	 0.0000000000000000e+00 	 0.0000000000000000e+00 	 1.3880069026747541e+00
	 0.0000000000000000e+00 	 0.0000000000000000e+00 	 1.7281610321945313e+03 	 7.9535247452045013e+01 	 -1.3880069026747541e+00 	 0.0000000000000000e+00
	 0.0000000000000000e+00 	 0.0000000000000000e+00 	 7.9535247452045013e+01 	 4.0213429739698863e+03 	 -3.1502593154506265e+01 	 0.0000000000000000e+00
	 0.0000000000000000e+00 	 0.0000000000000000e+00 	 -1.3880069026747541e+00 	 -3.1502593154506265e+01 	 3.5573186136062454e+03 	 0.0000000000000000e+00
	 -7.9535247452045013e+01 	 1.3880069026747541e+00 	 0.0000000000000000e+00 	 0.0000000000000000e+00 	 0.0000000000000000e+00 	 7.5786615875761472e+03

	 0.068966 
	 1.7222116523255613e+09 	 -1.7281396671941340e+07 	 0.0000000000000000e+00 	 0.0000000000000000e+00 	 0.0000000000000000e+00 	 1.7261291701275927e+08
	 -1.7281396672051441e+07 	 3.2369548176807046e+09 	 0.0000000000000000e+00 	 0.0000000000000000e+00 	 0.0000000000000000e+00 	 3.1164296030232426e+07
	 0.0000000000000000e+00 	 0.0000000000000000e+00 	 2.1184428210973415e+10 	 1.5860970750199192e+09 	 3.2796133070970422e+08 	 0.0000000000000000e+00
	 0.0000000000000000e+00 	 0.0000000000000000e+00 	 1.5860970750197153e+09 	 3.8676786229993622e+10 	 -2.3386023740671215e+09 	 0.0000000000000000e+00
	 0.0000000000000000e+00 	 0.0000000000000000e+00 	 3.2796133070978600e+08 	 -2.3386023740669966e+09 	 2.8029167390592098e+10 	 0.0000000000000000e+00
	 1.7261291701270488e+08 	 3.1164296030245803e+07 	 0.0000000000000000e+00 	 0.0000000000000000e+00 	 0.0000000000000000e+00 	 1.4855538971926563e+10

	 1.2659724373993974e+03 	 0.0000000000000000e+00 	 0.0000000000000000e+00 	 0.0000000000000000e+00 	 0.0000000000000000e+00 	 -9.0290450595279722e+01
	 0.0000000000000000e+00 	 1.2659724373993974e+03 	 0.0000000000000000e+00 	 0.0000000000000000e+00 	 0.0000000000000000e+00 	 1.4311803682586021e+01
	 0.0000000000000000e+00 	 0.0000000000000000e+00 	 1.2659724373993974e+03 	 9.0290450595279722e+01 	 -1.4311803682586021e+01 	 0.0000000000000000e+00
	 0.0000000000000000e+00 	 0.0000000000000000e+00 	 9.0290450595279722e+01 	 2.6396803553592677e+03 	 -3.9835586187298560e+01 	 0.0000000000000000e+00
	 0.0000000000000000e+00 	 0.0000000000000000e+00 	 -1.4311803682586021e+01 	 -3.9835586187298560e+01 	 1.5059728880836651e+03 	 0.0000000000000000e+00
	 -9.0290450595279722e+01 	 1.4311803682586021e+01 	 0.0000000000000000e+00 	 0.0000000000000000e+00 	 0.0000000000000000e+00 	 4.1456532434429473e+03

	 0.103448 
	 1.0581360220517401e+09 	 8.8412913948717684e+07 	 0.0000000000000000e+00 	 0.0000000000000000e+00 	 0.0000000000000000e+00 	 3.5615168592173278e+08
	 8.8412913948292464e+07 	 2.7643565694722295e+09 	 0.0000000000000000e+00 	 0.0000000000000000e+00 	 0.0000000000000000e+00 	 4.0263840946365207e+07
	 0.0000000000000000e+00 	 0.0000000000000000e+00 	 1.8266540227427677e+10 	 2.2130824150299940e+09 	 1.2532833049484745e+08 	 0.0000000000000000e+00
	 0.0000000000000000e+00 	 0.0000000000000000e+00 	 2.2130824150298858e+09 	 2.7542626384313961e+10 	 -1.6055331505034409e+09 	 0.0000000000000000e+00
	 0.0000000000000000e+00 	 0.0000000000000000e+00 	 1.2532833049494687e+08 	 -1.6055331505035377e+09 	 1.2639099229919901e+10 	 0.0000000000000000e+00
	 3.5615168592172259e+08 	 4.0263840946446866e+07 	 0.0000000000000000e+00 	 0.0000000000000000e+00 	 0.0000000000000000e+00 	 6.0420906413873787e+09

	 1.0535493075729239e+03 	 0.0000000000000000e+00 	 0.0000000000000000e+00 	 0.0000000000000000e+00 	 0.0000000000000000e+00 	 -1.3215396660508407e+02
	 0.0000000000000000e+00 	 1.0535493075729239e+03 	 0.0000000000000000e+00 	 0.0000000000000000e+00 	 0.0000000000000000e+00 	 1.7254453918810121e+01
	 0.0000000000000000e+00 	 0.0000000000000000e+00 	 1.0535493075729239e+03 	 1.3215396660508407e+02 	 -1.7254453918810121e+01 	 0.0000000000000000e+00
	 0.0000000000000000e+00 	 0.0000000000000000e+00 	 1.3215396660508407e+02 	 1.8823322580836257e+03 	 -5.1422922544610714e+01 	 0.0000000000000000e+00
	 0.0000000000000000e+00 	 0.0000000000000000e+00 	 -1.7254453918810121e+01 	 -5.1422922544610714e+01 	 6.0276701685589001e+02 	 0.0000000000000000e+00
	 -1.3215396660508407e+02 	 1.7254453918810121e+01 	 0.0000000000000000e+00 	 0.0000000000000000e+00 	 0.0000000000000000e+00 	 2.4850992749395073e+03

	 0.137931 
	 6.9827426159422398e+08 	 7.4001805217463240e+07 	 0.0000000000000000e+00 	 0.0000000000000000e+00 	 0.0000000000000000e+00 	 2.5012873526433638e+08
	 7.4001805217722535e+07 	 2.2360325524335437e+09 	 0.0000000000000000e+00 	 0.0000000000000000e+00 	 0.0000000000000000e+00 	 5.1408951202344619e+07
	 0.0000000000000000e+00 	 0.0000000000000000e+00 	 1.6461056071947872e+10 	 3.0325769978153238e+09 	 6.6605216891534384e+06 	 0.0000000000000000e+00
	 0.0000000000000000e+00 	 0.0000000000000000e+00 	 3.0325769978152285e+09 	 2.2127166995954479e+10 	 -1.3990656000154617e+09 	 0.0000000000000000e+00
	 0.0000000000000000e+00 	 0.0000000000000000e+00 	 6.6605216892970912e+06 	 -1.3990656000155189e+09 	 8.8316453013510799e+09 	 0.0000000000000000e+00
	 2.5012873526420715e+08 	 5.1408951202347957e+07 	 0.0000000000000000e+00 	 0.0000000000000000e+00 	 0.0000000000000000e+00 	 3.4899422167607889e+09

	 8.5272984531766360e+02 	 0.0000000000000000e+00 	 0.0000000000000000e+00 	 0.0000000000000000e+00 	 0.0000000000000000e+00 	 -1.8832536423366727e+02
	 0.0000000000000000e+00 	 8.5272984531766360e+02 	 0.0000000000000000e+00 	 0.0000000000000000e+00 	 0.0000000000000000e+00 	 1.9162679484587095e+01
	 0.0000000000000000e+00 	 0.0000000000000000e+00 	 8.5272984531766360e+02 	 1.8832536423366727e+02 	 -1.9162679484587095e+01 	 0.0000000000000000e+00
	 0.0000000000000000e+00 	 0.0000000000000000e+00 	 1.8832536423366727e+02 	 1.4969714284282925e+03 	 -4.7320141820576282e+01 	 0.0000000000000000e+00
	 0.0000000000000000e+00 	 0.0000000000000000e+00 	 -1.9162679484587095e+01 	 -4.7320141820576282e+01 	 3.5715322364657737e+02 	 0.0000000000000000e+00
	 -1.8832536423366727e+02 	 1.9162679484587095e+01 	 0.0000000000000000e+00 	 0.0000000000000000e+00 	 0.0000000000000000e+00 	 1.8541246520748796e+03

	 0.172414 
	 4.5223057077348703e+08 	 5.6492634740481079e+07 	 0.0000000000000000e+00 	 0.0000000000000000e+00 	 0.0000000000000000e+00 	 1.7406872306973782e+08
	 5.6492634740540370e+07 	 1.7484682449595809e+09 	 0.0000000000000000e+00 	 0.0000000000000000e+00 	 0.0000000000000000e+00 	 5.8220532453859016e+07
	 0.0000000000000000e+00 	 0.0000000000000000e+00 	 1.5135359541352997e+10 	 3.5592340397894497e+09 	 -1.0539646728996335e+08 	 0.0000000000000000e+00
	 0.0000000000000000e+00 	 0.0000000000000000e+00 	 3.5592340397895346e+09 	 1.8287755496568645e+10 	 -1.0820904246615827e+09 	 0.0000000000000000e+00
	 0.0000000000000000e+00 	 0.0000000000000000e+00 	 -1.0539646728987667e+08 	 -1.0820904246614368e+09 	 6.0170073088423634e+09 	 0.0000000000000000e+00
	 1.7406872306980324e+08 	 5.8220532453782253e+07 	 0.0000000000000000e+00 	 0.0000000000000000e+00 	 0.0000000000000000e+00 	 1.8678910943422520e+09

	 6.8944039504369971e+02 	 0.0000000000000000e+00 	 0.0000000000000000e+00 	 0.0000000000000000e+00 	 0.0000000000000000e+00 	 -2.2259816442966635e+02
	 0.0000000000000000e+00 	 6.8944039504369971e+02 	 0.0000000000000000e+00 	 0.0000000000000000e+00 	 0.0000000000000000e+00 	 2.0472695586755105e+01
	 0.0000000000000000e+00 	 0.0000000000000000e+00 	 6.8944039504369971e+02 	 2.2259816442966635e+02 	 -2.0472695586755105e+01 	 0.0000000000000000e+00
	 0.0000000000000000e+00 	 0.0000000000000000e+00 	 2.2259816442966635e+02 	 1.2194793241803106e+03 	 -4.0231719025251955e+01 	 0.0000000000000000e+00
	 0.0000000000000000e+00 	 0.0000000000000000e+00 	 -2.0472695586755105e+01 	 -4.0231719025251955e+01 	 2.0221267073013655e+02 	 0.0000000000000000e+00
	 -2.2259816442966635e+02 	 2.0472695586755105e+01 	 0.0000000000000000e+00 	 0.0000000000000000e+00 	 0.0000000000000000e+00 	 1.4216919949104504e+03

	 0.206897 
	 3.1798226196722275e+08 	 4.6336885033421449e+07 	 0.0000000000000000e+00 	 0.0000000000000000e+00 	 0.0000000000000000e+00 	 9.2070592901586011e+07
	 4.6336885033409491e+07 	 1.3198669260379424e+09 	 0.0000000000000000e+00 	 0.0000000000000000e+00 	 0.0000000000000000e+00 	 4.3424762613908008e+07
	 0.0000000000000000e+00 	 0.0000000000000000e+00 	 1.4362094442883482e+10 	 4.1375815989484096e+09 	 -1.9027261270431358e+07 	 0.0000000000000000e+00
	 0.0000000000000000e+00 	 0.0000000000000000e+00 	 4.1375815989483137e+09 	 1.6042266022116905e+10 	 -8.9453971789721334e+08 	 0.0000000000000000e+00
	 0.0000000000000000e+00 	 0.0000000000000000e+00 	 -1.9027261270639107e+07 	 -8.9453971789730132e+08 	 4.6417851382669592e+09 	 0.0000000000000000e+00
	 9.2070592901668966e+07 	 4.3424762613947555e+07 	 0.0000000000000000e+00 	 0.0000000000000000e+00 	 0.0000000000000000e+00 	 1.0479426022580700e+09

	 5.6795950242761546e+02 	 0.0000000000000000e+00 	 0.0000000000000000e+00 	 0.0000000000000000e+00 	 0.0000000000000000e+00 	 -2.5733183251896355e+02
	 0.0000000000000000e+00 	 5.6795950242761546e+02 	 0.0000000000000000e+00 	 0.0000000000000000e+00 	 0.0000000000000000e+00 	 1.3121916997527041e+01
	 0.0000000000000000e+00 	 0.0000000000000000e+00 	 5.6795950242761546e+02 	 2.5733183251896355e+02 	 -1.3121916997527041e+01 	 0.0000000000000000e+00
	 0.0000000000000000e+00 	 0.0000000000000000e+00 	 2.5733183251896355e+02 	 1.0460595516096851e+03 	 -3.4538021932841872e+01 	 0.0000000000000000e+00
	 0.0000000000000000e+00 	 0.0000000000000000e+00 	 -1.3121916997527041e+01 	 -3.4538021932841872e+01 	 1.2655900155210908e+02 	 0.0000000000000000e+00
	 -2.5733183251896355e+02 	 1.3121916997527041e+01 	 0.0000000000000000e+00 	 0.0000000000000000e+00 	 0.0000000000000000e+00 	 1.1726185531617966e+03

	 0.241379 
	 2.5380139200609589e+08 	 3.1188652055749141e+07 	 0.0000000000000000e+00 	 0.0000000000000000e+00 	 0.0000000000000000e+00 	 5.4349716742591523e+07
	 3.1188652055695470e+07 	 9.8016385433230686e+08 	 0.0000000000000000e+00 	 0.0000000000000000e+00 	 0.0000000000000000e+00 	 4.2747073095709376e+07
	 0.0000000000000000e+00 	 0.0000000000000000e+00 	 1.3961035512953287e+10 	 4.1276087400124516e+09 	 -1.6228160471827346e+08 	 0.0000000000000000e+00
	 0.0000000000000000e+00 	 0.0000000000000000e+00 	 4.1276087400123382e+09 	 1.4528879530515055e+10 	 -6.8382269476054788e+08 	 0.0000000000000000e+00
	 0.0000000000000000e+00 	 0.0000000000000000e+00 	 -1.6228160471822229e+08 	 -6.8382269476064277e+08 	 4.1612333179765863e+09 	 0.0000000000000000e+00
	 5.4349716742587984e+07 	 4.2747073095671713e+07 	 0.0000000000000000e+00 	 0.0000000000000000e+00 	 0.0000000000000000e+00 	 6.8112492317572165e+08

	 4.8366625990262395e+02 	 0.0000000000000000e+00 	 0.0000000000000000e+00 	 0.0000000000000000e+00 	 0.0000000000000000e+00 	 -2.6059379747846810e+02
	 0.0000000000000000e+00 	 4.8366625990262395e+02 	 0.0000000000000000e+00 	 0.0000000000000000e+00 	 0.0000000000000000e+00 	 1.4481908258904664e+01
	 0.0000000000000000e+00 	 0.0000000000000000e+00 	 4.8366625990262395e+02 	 2.6059379747846810e+02 	 -1.4481908258904664e+01 	 0.0000000000000000e+00
	 0.0000000000000000e+00 	 0.0000000000000000e+00 	 2.6059379747846810e+02 	 9.2580965542537751e+02 	 -2.9308393640170905e+01 	 0.0000000000000000e+00
	 0.0000000000000000e+00 	 0.0000000000000000e+00 	 -1.4481908258904664e+01 	 -2.9308393640170905e+01 	 9.5283839250489564e+01 	 0.0000000000000000e+00
	 -2.6059379747846810e+02 	 1.4481908258904664e+01 	 0.0000000000000000e+00 	 0.0000000000000000e+00 	 0.0000000000000000e+00 	 1.0210934946758683e+03

	 0.275862 
	 2.0950011075622052e+08 	 1.9795239334149577e+07 	 0.0000000000000000e+00 	 0.0000000000000000e+00 	 0.0000000000000000e+00 	 3.5161435378437027e+07
	 1.9795239334234927e+07 	 7.5490081424223411e+08 	 0.0000000000000000e+00 	 0.0000000000000000e+00 	 0.0000000000000000e+00 	 4.4314509343438737e+07
	 0.0000000000000000e+00 	 0.0000000000000000e+00 	 1.3925720079526951e+10 	 4.2489684127623219e+09 	 -3.5134846606300676e+08 	 0.0000000000000000e+00
	 0.0000000000000000e+00 	 0.0000000000000000e+00 	 4.2489684127622280e+09 	 1.4222323309733366e+10 	 -5.3532138963843536e+08 	 0.0000000000000000e+00
	 0.0000000000000000e+00 	 0.0000000000000000e+00 	 -3.5134846606303948e+08 	 -5.3532138963848144e+08 	 3.7575571204800086e+09 	 0.0000000000000000e+00
	 3.5161435378481120e+07 	 4.4314509343362644e+07 	 0.0000000000000000e+00 	 0.0000000000000000e+00 	 0.0000000000000000e+00 	 4.6567056294233465e+08

	 4.3141302667124074e+02 	 0.0000000000000000e+00 	 0.0000000000000000e+00 	 0.0000000000000000e+00 	 0.0000000000000000e+00 	 -2.6925607913263269e+02
	 0.0000000000000000e+00 	 4.3141302667124074e+02 	 0.0000000000000000e+00 	 0.0000000000000000e+00 	 0.0000000000000000e+00 	 1.6916891912520857e+01
	 0.0000000000000000e+00 	 0.0000000000000000e+00 	 4.3141302667124074e+02 	 2.6925607913263269e+02 	 -1.6916891912520857e+01 	 0.0000000000000000e+00
	 0.0000000000000000e+00 	 0.0000000000000000e+00 	 2.6925607913263269e+02 	 8.8159698708420115e+02 	 -2.6721259810592606e+01 	 0.0000000000000000e+00
	 0.0000000000000000e+00 	 0.0000000000000000e+00 	 -1.6916891912520857e+01 	 -2.6721259810592606e+01 	 7.5458378578133733e+01 	 0.0000000000000000e+00
	 -2.6925607913263269e+02 	 1.6916891912520857e+01 	 0.0000000000000000e+00 	 0.0000000000000000e+00 	 0.0000000000000000e+00 	 9.5705536566233752e+02

	 0.310345 
	 1.7267298726077619e+08 	 1.2458914089232076e+07 	 0.0000000000000000e+00 	 0.0000000000000000e+00 	 0.0000000000000000e+00 	 2.4407473042799357e+07
	 1.2458914089284575e+07 	 5.4205789372178090e+08 	 0.0000000000000000e+00 	 0.0000000000000000e+00 	 0.0000000000000000e+00 	 3.9063581903749198e+07
	 0.0000000000000000e+00 	 0.0000000000000000e+00 	 1.3753903081147015e+10 	 4.1825469037632751e+09 	 -4.9824921908176363e+08 	 0.0000000000000000e+00
	 0.0000000000000000e+00 	 0.0000000000000000e+00 	 4.1825469037619190e+09 	 1.3435776928953455e+10 	 -4.4053096489872038e+08 	 0.0000000000000000e+00
	 0.0000000000000000e+00 	 0.0000000000000000e+00 	 -4.9824921908216083e+08 	 -4.4053096489899135e+08 	 3.3749218204044242e+09 	 0.0000000000000000e+00
	 2.4407473042803552e+07 	 3.9063581904002413e+07 	 0.0000000000000000e+00 	 0.0000000000000000e+00 	 0.0000000000000000e+00 	 3.0197339904259133e+08

	 3.7772854227885369e+02 	 0.0000000000000000e+00 	 0.0000000000000000e+00 	 0.0000000000000000e+00 	 0.0000000000000000e+00 	 -2.6021773199963485e+02
	 0.0000000000000000e+00 	 3.7772854227885369e+02 	 0.0000000000000000e+00 	 0.0000000000000000e+00 	 0.0000000000000000e+00 	 1.7527988317602453e+01
	 0.0000000000000000e+00 	 0.0000000000000000e+00 	 3.7772854227885369e+02 	 2.6021773199963485e+02 	 -1.7527988317602453e+01 	 0.0000000000000000e+00
	 0.0000000000000000e+00 	 0.0000000000000000e+00 	 2.6021773199963485e+02 	 8.0918725657687594e+02 	 -2.4104957220191178e+01 	 0.0000000000000000e+00
	 0.0000000000000000e+00 	 0.0000000000000000e+00 	 -1.7527988317602453e+01 	 -2.4104957220191178e+01 	 5.9660773881020233e+01 	 0.0000000000000000e+00
	 -2.6021773199963485e+02 	 1.7527988317602453e+01 	 0.0000000000000000e+00 	 0.0000000000000000e+00 	 0.0000000000000000e+00 	 8.6884803045789681e+02

	 0.344828 
	 1.5698152491439235e+08 	 9.3650235711189285e+06 	 0.0000000000000000e+00 	 0.0000000000000000e+00 	 0.0000000000000000e+00 	 2.0940114091279726e+07
	 9.3650235710555539e+06 	 4.4986141641810149e+08 	 0.0000000000000000e+00 	 0.0000000000000000e+00 	 0.0000000000000000e+00 	 3.5966146462543480e+07
	 0.0000000000000000e+00 	 0.0000000000000000e+00 	 1.4075996083729353e+10 	 4.6183325577728167e+09 	 -5.7899998038164902e+08 	 0.0000000000000000e+00
	 0.0000000000000000e+00 	 0.0000000000000000e+00 	 4.6183325577727852e+09 	 1.4666451334625248e+10 	 -4.1854687696476936e+08 	 0.0000000000000000e+00
	 0.0000000000000000e+00 	 0.0000000000000000e+00 	 -5.7899998038178933e+08 	 -4.1854687696479517e+08 	 3.2858542513553782e+09 	 0.0000000000000000e+00
	 2.0940114091260549e+07 	 3.5966146462587044e+07 	 0.0000000000000000e+00 	 0.0000000000000000e+00 	 0.0000000000000000e+00 	 2.4416380371366096e+08

	 3.6216083271745731e+02 	 0.0000000000000000e+00 	 0.0000000000000000e+00 	 0.0000000000000000e+00 	 0.0000000000000000e+00 	 -2.7881518173778773e+02
	 0.0000000000000000e+00 	 3.6216083271745731e+02 	 0.0000000000000000e+00 	 0.0000000000000000e+00 	 0.0000000000000000e+00 	 1.7445174534779049e+01
	 0.0000000000000000e+00 	 0.0000000000000000e+00 	 3.6216083271745731e+02 	 2.7881518173778773e+02 	 -1.7445174534779049e+01 	 0.0000000000000000e+00
	 0.0000000000000000e+00 	 0.0000000000000000e+00 	 2.7881518173778773e+02 	 8.4091668710537135e+02 	 -2.2966257288751169e+01 	 0.0000000000000000e+00
	 0.0000000000000000e+00 	 0.0000000000000000e+00 	 -1.7445174534779049e+01 	 -2.2966257288751169e+01 	 5.4399830985686663e+01 	 0.0000000000000000e+00
	 -2.7881518173778773e+02 	 1.7445174534779049e+01 	 0.0000000000000000e+00 	 0.0000000000000000e+00 	 0.0000000000000000e+00 	 8.9531651809105745e+02

	 0.379310 
	 1.4236073106028193e+08 	 8.8398065167739093e+06 	 0.0000000000000000e+00 	 0.0000000000000000e+00 	 0.0000000000000000e+00 	 1.9940911244862650e+07
	 8.8398065168580692e+06 	 4.0443297920475614e+08 	 0.0000000000000000e+00 	 0.0000000000000000e+00 	 0.0000000000000000e+00 	 2.9683698614535488e+07
	 0.0000000000000000e+00 	 0.0000000000000000e+00 	 1.4031815469789679e+10 	 3.9038917876275291e+09 	 -6.4165338796024930e+08 	 0.0000000000000000e+00
	 0.0000000000000000e+00 	 0.0000000000000000e+00 	 3.9038917876279454e+09 	 1.2104201611196499e+10 	 -3.8195425828182250e+08 	 0.0000000000000000e+00
	 0.0000000000000000e+00 	 0.0000000000000000e+00 	 -6.4165338796035230e+08 	 -3.8195425828188378e+08 	 3.0596553378555183e+09 	 0.0000000000000000e+00
	 1.9940911244853850e+07 	 2.9683698614651170e+07 	 0.0000000000000000e+00 	 0.0000000000000000e+00 	 0.0000000000000000e+00 	 2.0400893515498179e+08

	 3.3857536493586491e+02 	 0.0000000000000000e+00 	 0.0000000000000000e+00 	 0.0000000000000000e+00 	 0.0000000000000000e+00 	 -2.4479259277108235e+02
	 0.0000000000000000e+00 	 3.3857536493586491e+02 	 0.0000000000000000e+00 	 0.0000000000000000e+00 	 0.0000000000000000e+00 	 1.7175370920321868e+01
	 0.0000000000000000e+00 	 0.0000000000000000e+00 	 3.3857536493586491e+02 	 2.4479259277108235e+02 	 -1.7175370920321868e+01 	 0.0000000000000000e+00
	 0.0000000000000000e+00 	 0.0000000000000000e+00 	 2.4479259277108235e+02 	 7.0467372539687949e+02 	 -2.0929137216085952e+01 	 0.0000000000000000e+00
	 0.0000000000000000e+00 	 0.0000000000000000e+00 	 -1.7175370920321868e+01 	 -2.0929137216085952e+01 	 4.8595331799678590e+01 	 0.0000000000000000e+00
	 -2.4479259277108235e+02 	 1.7175370920321868e+01 	 0.0000000000000000e+00 	 0.0000000000000000e+00 	 0.0000000000000000e+00 	 7.5326905719656065e+02

	 0.413793 
	 1.2855329282474990e+08 	 7.8535142614720166e+06 	 0.0000000000000000e+00 	 0.0000000000000000e+00 	 0.0000000000000000e+00 	 1.9203225985752873e+07
	 7.8535142613698365e+06 	 3.8592113871652669e+08 	 0.0000000000000000e+00 	 0.0000000000000000e+00 	 0.0000000000000000e+00 	 2.7547178017576437e+07
	 0.0000000000000000e+00 	 0.0000000000000000e+00 	 1.4045232427258081e+10 	 3.6691917818032460e+09 	 -6.7751156996569180e+08 	 0.0000000000000000e+00
	 0.0000000000000000e+00 	 0.0000000000000000e+00 	 3.6691917818034129e+09 	 1.1021216479067457e+10 	 -3.4429050173656172e+08 	 0.0000000000000000e+00
	 0.0000000000000000e+00 	 0.0000000000000000e+00 	 -6.7751156996563828e+08 	 -3.4429050173668277e+08 	 2.7556846822987561e+09 	 0.0000000000000000e+00
	 1.9203225985720742e+07 	 2.7547178017483458e+07 	 0.0000000000000000e+00 	 0.0000000000000000e+00 	 0.0000000000000000e+00 	 1.7451513504291856e+08

	 3.2547632782948813e+02 	 0.0000000000000000e+00 	 0.0000000000000000e+00 	 0.0000000000000000e+00 	 0.0000000000000000e+00 	 -2.2873601078038598e+02
	 0.0000000000000000e+00 	 3.2547632782948813e+02 	 0.0000000000000000e+00 	 0.0000000000000000e+00 	 0.0000000000000000e+00 	 1.6667887123256914e+01
	 0.0000000000000000e+00 	 0.0000000000000000e+00 	 3.2547632782948813e+02 	 2.2873601078038598e+02 	 -1.6667887123256914e+01 	 0.0000000000000000e+00
	 0.0000000000000000e+00 	 0.0000000000000000e+00 	 2.2873601078038598e+02 	 6.3087635580877793e+02 	 -1.8636157690210062e+01 	 0.0000000000000000e+00
	 0.0000000000000000e+00 	 0.0000000000000000e+00 	 -1.6667887123256914e+01 	 -1.8636157690210062e+01 	 4.2569688602452892e+01 	 0.0000000000000000e+00
	 -2.2873601078038598e+02 	 1.6667887123256914e+01 	 0.0000000000000000e+00 	 0.0000000000000000e+00 	 0.0000000000000000e+00 	 6.7344604441123215e+02

	 0.448276 
	 1.1305098153915095e+08 	 6.7786886313020382e+06 	 0.0000000000000000e+00 	 0.0000000000000000e+00 	 0.0000000000000000e+00 	 1.7502061428693060e+07
	 6.7786886312683085e+06 	 3.7012084582103914e+08 	 0.0000000000000000e+00 	 0.0000000000000000e+00 	 0.0000000000000000e+00 	 2.4654203609019786e+07
	 0.0000000000000000e+00 	 0.0000000000000000e+00 	 1.3796637046034286e+10 	 3.2340742445090194e+09 	 -6.6856882944529164e+08 	 0.0000000000000000e+00
	 0.0000000000000000e+00 	 0.0000000000000000e+00 	 3.2340742445089855e+09 	 9.1855520303429184e+09 	 -2.8424432044031203e+08 	 0.0000000000000000e+00
	 0.0000000000000000e+00 	 0.0000000000000000e+00 	 -6.6856882944523084e+08 	 -2.8424432044027996e+08 	 2.3154369048004603e+09 	 0.0000000000000000e+00
	 1.7502061428690851e+07 	 2.4654203608959116e+07 	 0.0000000000000000e+00 	 0.0000000000000000e+00 	 0.0000000000000000e+00 	 1.4100062634223807e+08

	 3.0616727303908681e+02 	 0.0000000000000000e+00 	 0.0000000000000000e+00 	 0.0000000000000000e+00 	 0.0000000000000000e+00 	 -1.9889337072902316e+02
	 0.0000000000000000e+00 	 3.0616727303908681e+02 	 0.0000000000000000e+00 	 0.0000000000000000e+00 	 0.0000000000000000e+00 	 1.5293114795159463e+01
	 0.0000000000000000e+00 	 0.0000000000000000e+00 	 3.0616727303908681e+02 	 1.9889337072902316e+02 	 -1.5293114795159463e+01 	 0.0000000000000000e+00
	 0.0000000000000000e+00 	 0.0000000000000000e+00 	 1.9889337072902316e+02 	 5.1321498054008634e+02 	 -1.5153765805127305e+01 	 0.0000000000000000e+00
	 0.0000000000000000e+00 	 0.0000000000000000e+00 	 -1.5293114795159463e+01 	 -1.5153765805127305e+01 	 3.4729913913176247e+01 	 0.0000000000000000e+00
	 -1.9889337072902316e+02 	 1.5293114795159463e+01 	 0.0000000000000000e+00 	 0.0000000000000000e+00 	 0.0000000000000000e+00 	 5.4794489445326030e+02

	 0.482759 
	 9.9528958609285191e+07 	 5.7234783267336423e+06 	 0.0000000000000000e+00 	 0.0000000000000000e+00 	 0.0000000000000000e+00 	 1.5459642534308480e+07
	 5.7234783267907668e+06 	 3.5502328718507284e+08 	 0.0000000000000000e+00 	 0.0000000000000000e+00 	 0.0000000000000000e+00 	 2.2225622797591865e+07
	 0.0000000000000000e+00 	 0.0000000000000000e+00 	 1.3295147222484295e+10 	 2.7880593560450058e+09 	 -6.2996615675855315e+08 	 0.0000000000000000e+00
	 0.0000000000000000e+00 	 0.0000000000000000e+00 	 2.7880593560450158e+09 	 7.5236018740731421e+09 	 -2.2848255666531903e+08 	 0.0000000000000000e+00
	 0.0000000000000000e+00 	 0.0000000000000000e+00 	 -6.2996615675860214e+08 	 -2.2848255666535315e+08 	 1.9313704303424957e+09 	 0.0000000000000000e+00
	 1.5459642534309974e+07 	 2.2225622797590815e+07 	 0.0000000000000000e+00 	 0.0000000000000000e+00 	 0.0000000000000000e+00 	 1.1437542658858463e+08

	 2.8536961096516961e+02 	 0.0000000000000000e+00 	 0.0000000000000000e+00 	 0.0000000000000000e+00 	 0.0000000000000000e+00 	 -1.6911165829366880e+02
	 0.0000000000000000e+00 	 2.8536961096516961e+02 	 0.0000000000000000e+00 	 0.0000000000000000e+00 	 0.0000000000000000e+00 	 1.3747445658401702e+01
	 0.0000000000000000e+00 	 0.0000000000000000e+00 	 2.8536961096516961e+02 	 1.6911165829366880e+02 	 -1.3747445658401702e+01 	 0.0000000000000000e+00
	 0.0000000000000000e+00 	 0.0000000000000000e+00 	 1.6911165829366880e+02 	 4.1079065474144357e+02 	 -1.2133922898952965e+01 	 0.0000000000000000e+00
	 0.0000000000000000e+00 	 0.0000000000000000e+00 	 -1.3747445658401702e+01 	 -1.2133922898952965e+01 	 2.8313439505362048e+01 	 0.0000000000000000e+00
	 -1.6911165829366880e+02 	 1.3747445658401702e+01 	 0.0000000000000000e+00 	 0.0000000000000000e+00 	 0.0000000000000000e+00 	 4.3910409424680518e+02

	 0.517241 
	 8.6828999881445378e+07 	 4.7377306596008521e+06 	 0.0000000000000000e+00 	 0.0000000000000000e+00 	 0.0000000000000000e+00 	 1.3080620629472207e+07
	 4.7377306595734218e+06 	 3.3255951349280602e+08 	 0.0000000000000000e+00 	 0.0000000000000000e+00 	 0.0000000000000000e+00 	 1.9693432808559176e+07
	 0.0000000000000000e+00 	 0.0000000000000000e+00 	 1.2531159482457285e+10 	 2.3062955825219164e+09 	 -5.7904916475654244e+08 	 0.0000000000000000e+00
	 0.0000000000000000e+00 	 0.0000000000000000e+00 	 2.3062955825218849e+09 	 5.9269538245959520e+09 	 -1.7594696509648731e+08 	 0.0000000000000000e+00
	 0.0000000000000000e+00 	 0.0000000000000000e+00 	 -5.7904916475648534e+08 	 -1.7594696509646997e+08 	 1.5740875090405312e+09 	 0.0000000000000000e+00
	 1.3080620629477810e+07 	 1.9693432808552373e+07 	 0.0000000000000000e+00 	 0.0000000000000000e+00 	 0.0000000000000000e+00 	 9.0252921849729240e+07

	 2.6057860628791400e+02 	 0.0000000000000000e+00 	 0.0000000000000000e+00 	 0.0000000000000000e+00 	 0.0000000000000000e+00 	 -1.3769061289957205e+02
	 0.0000000000000000e+00 	 2.6057860628791400e+02 	 0.0000000000000000e+00 	 0.0000000000000000e+00 	 0.0000000000000000e+00 	 1.2066835401942130e+01
	 0.0000000000000000e+00 	 0.0000000000000000e+00 	 2.6057860628791400e+02 	 1.3769061289957205e+02 	 -1.2066835401942130e+01 	 0.0000000000000000e+00
	 0.0000000000000000e+00 	 0.0000000000000000e+00 	 1.3769061289957205e+02 	 3.1530544370291796e+02 	 -9.3329882847539256e+00 	 0.0000000000000000e+00
	 0.0000000000000000e+00 	 0.0000000000000000e+00 	 -1.2066835401942130e+01 	 -9.3329882847539256e+00 	 2.2561625081142534e+01 	 0.0000000000000000e+00
	 -1.3769061289957205e+02 	 1.2066835401942130e+01 	 0.0000000000000000e+00 	 0.0000000000000000e+00 	 0.0000000000000000e+00 	 3.3786706878405943e+02

	 0.551724 
	 7.5270585181517422e+07 	 3.8399592852671961e+06 	 0.0000000000000000e+00 	 0.0000000000000000e+00 	 0.0000000000000000e+00 	 1.0681152565436663e+07
	 3.8399592852817955e+06 	 3.0694736654777831e+08 	 0.0000000000000000e+00 	 0.0000000000000000e+00 	 0.0000000000000000e+00 	 1.7331000191208560e+07
	 0.0000000000000000e+00 	 0.0000000000000000e+00 	 1.1588246416001945e+10 	 1.8506190485535686e+09 	 -5.2136069972145659e+08 	 0.0000000000000000e+00
	 0.0000000000000000e+00 	 0.0000000000000000e+00 	 1.8506190485537241e+09 	 4.5495458539839249e+09 	 -1.3053430382546566e+08 	 0.0000000000000000e+00
	 0.0000000000000000e+00 	 0.0000000000000000e+00 	 -5.2136069972145420e+08 	 -1.3053430382540876e+08 	 1.2516129117859135e+09 	 0.0000000000000000e+00
	 1.0681152565448498e+07 	 1.7331000191187970e+07 	 0.0000000000000000e+00 	 0.0000000000000000e+00 	 0.0000000000000000e+00 	 6.9615619526173756e+07

	 2.3370981100695195e+02 	 0.0000000000000000e+00 	 0.0000000000000000e+00 	 0.0000000000000000e+00 	 0.0000000000000000e+00 	 -1.0826999779092439e+02
	 0.0000000000000000e+00 	 2.3370981100695195e+02 	 0.0000000000000000e+00 	 0.0000000000000000e+00 	 0.0000000000000000e+00 	 1.0376841450235284e+01
	 0.0000000000000000e+00 	 0.0000000000000000e+00 	 2.3370981100695195e+02 	 1.0826999779092439e+02 	 -1.0376841450235284e+01 	 0.0000000000000000e+00
	 0.0000000000000000e+00 	 0.0000000000000000e+00 	 1.0826999779092439e+02 	 2.3428440173141209e+02 	 -6.9208736934505639e+00 	 0.0000000000000000e+00
	 0.0000000000000000e+00 	 0.0000000000000000e+00 	 -1.0376841450235284e+01 	 -6.9208736934505639e+00 	 1.7562106000380204e+01 	 0.0000000000000000e+00
	 -1.0826999779092439e+02 	 1.0376841450235284e+01 	 0.0000000000000000e+00 	 0.0000000000000000e+00 	 0.0000000000000000e+00 	 2.5184650773179214e+02

	 0.586207 
	 6.5145523169719197e+07 	 3.1512544547000295e+06 	 0.0000000000000000e+00 	 0.0000000000000000e+00 	 0.0000000000000000e+00 	 8.4849567158424016e+06
	 3.1512544546813504e+06 	 2.8154552902805805e+08 	 0.0000000000000000e+00 	 0.0000000000000000e+00 	 0.0000000000000000e+00 	 1.5150748433515148e+07
	 0.0000000000000000e+00 	 0.0000000000000000e+00 	 1.0540236173331413e+10 	 1.4436577778887038e+09 	 -4.6173468299765420e+08 	 0.0000000000000000e+00
	 0.0000000000000000e+00 	 0.0000000000000000e+00 	 1.4436577778886874e+09 	 3.4062414514915128e+09 	 -9.4298808214373872e+07 	 0.0000000000000000e+00
	 0.0000000000000000e+00 	 0.0000000000000000e+00 	 -4.6173468299768013e+08 	 -9.4298808214400753e+07 	 9.7026867592433524e+08 	 0.0000000000000000e+00
	 8.4849567158426084e+06 	 1.5150748433490211e+07 	 0.0000000000000000e+00 	 0.0000000000000000e+00 	 0.0000000000000000e+00 	 5.2660693724242941e+07

	 2.0629070875852207e+02 	 0.0000000000000000e+00 	 0.0000000000000000e+00 	 0.0000000000000000e+00 	 0.0000000000000000e+00 	 -8.2576180396946000e+01
	 0.0000000000000000e+00 	 2.0629070875852207e+02 	 0.0000000000000000e+00 	 0.0000000000000000e+00 	 0.0000000000000000e+00 	 8.7747923117228925e+00
	 0.0000000000000000e+00 	 0.0000000000000000e+00 	 2.0629070875852207e+02 	 8.2576180396946000e+01 	 -8.7747923117228925e+00 	 0.0000000000000000e+00
	 0.0000000000000000e+00 	 0.0000000000000000e+00 	 8.2576180396946000e+01 	 1.6914152646009396e+02 	 -4.9661202717187338e+00 	 0.0000000000000000e+00
	 0.0000000000000000e+00 	 0.0000000000000000e+00 	 -8.7747923117228925e+00 	 -4.9661202717187338e+00 	 1.3355199145879816e+01 	 0.0000000000000000e+00
	 -8.2576180396946000e+01 	 8.7747923117228925e+00 	 0.0000000000000000e+00 	 0.0000000000000000e+00 	 0.0000000000000000e+00 	 1.8249672560597512e+02

	 0.620690 
	 5.6609917943210579e+07 	 2.6634525790347233e+06 	 0.0000000000000000e+00 	 0.0000000000000000e+00 	 0.0000000000000000e+00 	 6.6353293565708846e+06
	 2.6634525790295429e+06 	 2.5800031321046072e+08 	 0.0000000000000000e+00 	 0.0000000000000000e+00 	 0.0000000000000000e+00 	 1.3176702697965486e+07
	 0.0000000000000000e+00 	 0.0000000000000000e+00 	 9.4443584500778122e+09 	 1.0927491573870702e+09 	 -4.0392078580435205e+08 	 0.0000000000000000e+00
	 0.0000000000000000e+00 	 0.0000000000000000e+00 	 1.0927491573870718e+09 	 2.5095161458029003e+09 	 -6.6613740139963798e+07 	 0.0000000000000000e+00
	 0.0000000000000000e+00 	 0.0000000000000000e+00 	 -4.0392078580435264e+08 	 -6.6613740139960550e+07 	 7.3246907568204606e+08 	 0.0000000000000000e+00
	 6.6353293565530693e+06 	 1.3176702697961805e+07 	 0.0000000000000000e+00 	 0.0000000000000000e+00 	 0.0000000000000000e+00 	 3.9323113813581161e+07

	 1.7946529956565573e+02 	 0.0000000000000000e+00 	 0.0000000000000000e+00 	 0.0000000000000000e+00 	 0.0000000000000000e+00 	 -6.1432533474253333e+01
	 0.0000000000000000e+00 	 1.7946529956565573e+02 	 0.0000000000000000e+00 	 0.0000000000000000e+00 	 0.0000000000000000e+00 	 7.3322951238483016e+00
	 0.0000000000000000e+00 	 0.0000000000000000e+00 	 1.7946529956565573e+02 	 6.1432533474253333e+01 	 -7.3322951238483016e+00 	 0.0000000000000000e+00
	 0.0000000000000000e+00 	 0.0000000000000000e+00 	 6.1432533474253333e+01 	 1.1925899050032766e+02 	 -3.4707135077838775e+00 	 0.0000000000000000e+00
	 0.0000000000000000e+00 	 0.0000000000000000e+00 	 -7.3322951238483016e+00 	 -3.4707135077838775e+00 	 9.9194035599492256e+00 	 0.0000000000000000e+00
	 -6.1432533474253333e+01 	 7.3322951238483016e+00 	 0.0000000000000000e+00 	 0.0000000000000000e+00 	 0.0000000000000000e+00 	 1.2917839406027682e+02

	 0.655172 
	 4.9478220485867567e+07 	 2.3658303643030711e+06 	 0.0000000000000000e+00 	 0.0000000000000000e+00 	 0.0000000000000000e+00 	 5.1960862352011688e+06
	 2.3658303643158753e+06 	 2.3718383613702568e+08 	 0.0000000000000000e+00 	 0.0000000000000000e+00 	 0.0000000000000000e+00 	 1.1402103468272211e+07
	 0.0000000000000000e+00 	 0.0000000000000000e+00 	 8.3785294262291489e+09 	 8.2151595268499303e+08 	 -3.4940477048538423e+08 	 0.0000000000000000e+00
	 0.0000000000000000e+00 	 0.0000000000000000e+00 	 8.2151595268498552e+08 	 1.8535679727840807e+09 	 -4.6737923321778558e+07 	 0.0000000000000000e+00
	 0.0000000000000000e+00 	 0.0000000000000000e+00 	 -3.4940477048536927e+08 	 -4.6737923321777754e+07 	 5.4016514503348756e+08 	 0.0000000000000000e+00
	 5.1960862352058189e+06 	 1.1402103468273308e+07 	 0.0000000000000000e+00 	 0.0000000000000000e+00 	 0.0000000000000000e+00 	 2.9162605020378761e+07

	 1.5441173626653583e+02 	 0.0000000000000000e+00 	 0.0000000000000000e+00 	 0.0000000000000000e+00 	 0.0000000000000000e+00 	 -4.5961114035855474e+01
	 0.0000000000000000e+00 	 1.5441173626653583e+02 	 0.0000000000000000e+00 	 0.0000000000000000e+00 	 0.0000000000000000e+00 	 6.0716814701011623e+00
	 0.0000000000000000e+00 	 0.0000000000000000e+00 	 1.5441173626653583e+02 	 4.5961114035855474e+01 	 -6.0716814701011623e+00 	 0.0000000000000000e+00
	 0.0000000000000000e+00 	 0.0000000000000000e+00 	 4.5961114035855474e+01 	 8.3775702064485259e+01 	 -2.4038402533861301e+00 	 0.0000000000000000e+00
	 0.0000000000000000e+00 	 0.0000000000000000e+00 	 -6.0716814701011623e+00 	 -2.4038402533861301e+00 	 7.2156676603919276e+00 	 0.0000000000000000e+00
	 -4.5961114035855474e+01 	 6.0716814701011623e+00 	 0.0000000000000000e+00 	 0.0000000000000000e+00 	 0.0000000000000000e+00 	 9.0991369724877089e+01

	 0.689655 
	 4.3544264287537284e+07 	 2.3570207566556679e+06 	 0.0000000000000000e+00 	 0.0000000000000000e+00 	 0.0000000000000000e+00 	 3.7228333337671091e+06
	 2.3570207566597373e+06 	 2.2392777538715890e+08 	 0.0000000000000000e+00 	 0.0000000000000000e+00 	 0.0000000000000000e+00 	 1.0059610770873291e+07
	 0.0000000000000000e+00 	 0.0000000000000000e+00 	 7.4062395916337376e+09 	 5.9163555022261035e+08 	 -3.0265289869171441e+08 	 0.0000000000000000e+00
	 0.0000000000000000e+00 	 0.0000000000000000e+00 	 5.9163555022259343e+08 	 1.3470660949210393e+09 	 -3.1972852498410095e+07 	 0.0000000000000000e+00
	 0.0000000000000000e+00 	 0.0000000000000000e+00 	 -3.0265289869170856e+08 	 -3.1972852498434082e+07 	 3.9046255536552298e+08 	 0.0000000000000000e+00
	 3.7228333337623137e+06 	 1.0059610770873548e+07 	 0.0000000000000000e+00 	 0.0000000000000000e+00 	 0.0000000000000000e+00 	 2.1676588029861834e+07

	 1.3212456010498474e+02 	 0.0000000000000000e+00 	 0.0000000000000000e+00 	 0.0000000000000000e+00 	 0.0000000000000000e+00 	 -3.3455203586081481e+01
	 0.0000000000000000e+00 	 1.3212456010498474e+02 	 0.0000000000000000e+00 	 0.0000000000000000e+00 	 0.0000000000000000e+00 	 5.0238429774918334e+00
	 0.0000000000000000e+00 	 0.0000000000000000e+00 	 1.3212456010498474e+02 	 3.3455203586081481e+01 	 -5.0238429774918334e+00 	 0.0000000000000000e+00
	 0.0000000000000000e+00 	 0.0000000000000000e+00 	 3.3455203586081481e+01 	 5.7008012431813192e+01 	 -1.6227476867992456e+00 	 0.0000000000000000e+00
	 0.0000000000000000e+00 	 0.0000000000000000e+00 	 -5.0238429774918334e+00 	 -1.6227476867992456e+00 	 5.1743100878806523e+00 	 0.0000000000000000e+00
	 -3.3455203586081481e+01 	 5.0238429774918334e+00 	 0.0000000000000000e+00 	 0.0000000000000000e+00 	 0.0000000000000000e+00 	 6.2182322519694040e+01

	 0.724138 
	 3.8129129686037645e+07 	 2.3728383901509326e+06 	 0.0000000000000000e+00 	 0.0000000000000000e+00 	 0.0000000000000000e+00 	 3.2278523692747667e+06
	 2.3728383901416995e+06 	 2.1127123449894711e+08 	 0.0000000000000000e+00 	 0.0000000000000000e+00 	 0.0000000000000000e+00 	 8.8146754717129041e+06
	 0.0000000000000000e+00 	 0.0000000000000000e+00 	 6.5370323104449492e+09 	 3.9576895645859718e+08 	 -2.5550005905589640e+08 	 0.0000000000000000e+00
	 0.0000000000000000e+00 	 0.0000000000000000e+00 	 3.9576895645856678e+08 	 9.6251067780706787e+08 	 -2.0858506707704503e+07 	 0.0000000000000000e+00
	 0.0000000000000000e+00 	 0.0000000000000000e+00 	 -2.5550005905589482e+08 	 -2.0858506707702134e+07 	 2.7552997920707643e+08 	 0.0000000000000000e+00
	 3.2278523692708663e+06 	 8.8146754717130512e+06 	 0.0000000000000000e+00 	 0.0000000000000000e+00 	 0.0000000000000000e+00 	 1.5988704525184371e+07

