 ------- BEAMDYN V1.00.* INDIVIDUAL BLADE INPUT FILE --------------------------
 Test Format 1
 ---------------------- BLADE PARAMETERS --------------------------------------
30   station_total    - Number of blade input stations (-)
 1   damp_type        - Damping type: 0: no damping; 1: damped
  ---------------------- DAMPING COEFFICIENT------------------------------------
   mu1        mu2        mu3        mu4        mu5        mu6
   (-)        (-)        (-)        (-)        (-)        (-)
0.020544812    0.012991535    0.012991535    0.012991535    0.020544812    0.012991535
 ---------------------- DISTRIBUTED PROPERTIES---------------------------------
	 0.000000 
	 4.7036222377479019e+09 	 2.0106380969044486e+00 	 0.0000000000000000e+00 	 0.0000000000000000e+00 	 0.0000000000000000e+00 	 5.7687181307485844e+02
	 2.0106575910471660e+00 	 4.7036212799367218e+09 	 0.0000000000000000e+00 	 0.0000000000000000e+00 	 0.0000000000000000e+00 	 -1.0986195006747415e+01
	 0.0000000000000000e+00 	 0.0000000000000000e+00 	 3.2138983824859901e+10 	 -4.2461089250146997e+03 	 2.6949346554287299e+01 	 0.0000000000000000e+00
	 0.0000000000000000e+00 	 0.0000000000000000e+00 	 -4.2461092495022749e+03 	 7.8361685094777237e+10 	 6.4822824846946872e+01 	 0.0000000000000000e+00
	 0.0000000000000000e+00 	 0.0000000000000000e+00 	 2.6949610417018505e+01 	 6.4823326409451056e+01 	 7.8361699553523819e+10 	 0.0000000000000000e+00
	 5.7687181299362794e+02 	 -1.0986193221426545e+01 	 0.0000000000000000e+00 	 0.0000000000000000e+00 	 0.0000000000000000e+00 	 4.5837465984241798e+10

	 2.2240266597185146e+03 	 0.0000000000000000e+00 	 0.0000000000000000e+00 	 0.0000000000000000e+00 	 0.0000000000000000e+00 	 2.9330682630369920e-04
	 0.0000000000000000e+00 	 2.2240266597185146e+03 	 0.0000000000000000e+00 	 0.0000000000000000e+00 	 0.0000000000000000e+00 	 -2.0124003238448408e-06
	 0.0000000000000000e+00 	 0.0000000000000000e+00 	 2.2240266597185146e+03 	 -2.9330682630369920e-04 	 2.0124003238448408e-06 	 0.0000000000000000e+00
	 0.0000000000000000e+00 	 0.0000000000000000e+00 	 -2.9330682630369920e-04 	 5.4238358872441549e+03 	 4.5259540763925576e-06 	 0.0000000000000000e+00
	 0.0000000000000000e+00 	 0.0000000000000000e+00 	 2.0124003238448408e-06 	 4.5259540763925576e-06 	 5.4238368898472063e+03 	 0.0000000000000000e+00
	 2.9330682630369920e-04 	 -2.0124003238448408e-06 	 0.0000000000000000e+00 	 0.0000000000000000e+00 	 0.0000000000000000e+00 	 1.0847672777091339e+04

	 0.034483 
	 3.3152341486194620e+09 	 -2.8884728731119752e+07 	 0.0000000000000000e+00 	 0.0000000000000000e+00 	 0.0000000000000000e+00 	 -1.1501815533286904e+08
	 -2.8884728730971947e+07 	 3.9120436493468289e+09 	 0.0000000000000000e+00 	 0.0000000000000000e+00 	 0.0000000000000000e+00 	 6.2103994037638418e+06
	 0.0000000000000000e+00 	 0.0000000000000000e+00 	 2.7496211322445087e+10 	 9.5754223371785223e+08 	 5.5481861316413796e+08 	 0.0000000000000000e+00
	 0.0000000000000000e+00 	 0.0000000000000000e+00 	 9.5754223371900964e+08 	 5.9130227015368027e+10 	 -3.4310440702630863e+09 	 0.0000000000000000e+00
	 0.0000000000000000e+00 	 0.0000000000000000e+00 	 5.5481861316421318e+08 	 -3.4310440702636299e+09 	 6.0562001724778595e+10 	 0.0000000000000000e+00
	 -1.1501815533287063e+08 	 6.2103994037688095e+06 	 0.0000000000000000e+00 	 0.0000000000000000e+00 	 0.0000000000000000e+00 	 3.1596709588117626e+10

	 1.7331530322882854e+03 	 0.0000000000000000e+00 	 0.0000000000000000e+00 	 0.0000000000000000e+00 	 0.0000000000000000e+00 	 -7.9573097492653119e+01
	 0.0000000000000000e+00 	 1.7331530322882854e+03 	 0.0000000000000000e+00 	 0.0000000000000000e+00 	 0.0000000000000000e+00 	 1.7022349754933832e+00
	 0.0000000000000000e+00 	 0.0000000000000000e+00 	 1.7331530322882854e+03 	 7.9573097492653119e+01 	 -1.7022349754933832e+00 	 0.0000000000000000e+00
	 0.0000000000000000e+00 	 0.0000000000000000e+00 	 7.9573097492653119e+01 	 4.0222652739613809e+03 	 -3.7389428981991585e+01 	 0.0000000000000000e+00
	 0.0000000000000000e+00 	 0.0000000000000000e+00 	 -1.7022349754933832e+00 	 -3.7389428981991585e+01 	 3.5746537170842198e+03 	 0.0000000000000000e+00
	 -7.9573097492653119e+01 	 1.7022349754933832e+00 	 0.0000000000000000e+00 	 0.0000000000000000e+00 	 0.0000000000000000e+00 	 7.5969189910455980e+03

	 0.068966 
	 1.7127544335424514e+09 	 -2.1147943634473551e+07 	 0.0000000000000000e+00 	 0.0000000000000000e+00 	 0.0000000000000000e+00 	 1.5476308287327904e+08
	 -2.1147943634435773e+07 	 3.2383041138769293e+09 	 0.0000000000000000e+00 	 0.0000000000000000e+00 	 0.0000000000000000e+00 	 2.9892685392596237e+07
	 0.0000000000000000e+00 	 0.0000000000000000e+00 	 2.1526092164418892e+10 	 1.8852519424430480e+09 	 3.2116810473915583e+08 	 0.0000000000000000e+00
	 0.0000000000000000e+00 	 0.0000000000000000e+00 	 1.8852519424425919e+09 	 3.9036196149827713e+10 	 -2.5436300912673421e+09 	 0.0000000000000000e+00
	 0.0000000000000000e+00 	 0.0000000000000000e+00 	 3.2116810473955101e+08 	 -2.5436300912671947e+09 	 2.8618669865545715e+10 	 0.0000000000000000e+00
	 1.5476308287323749e+08 	 2.9892685392558698e+07 	 0.0000000000000000e+00 	 0.0000000000000000e+00 	 0.0000000000000000e+00 	 1.4811095664018970e+10

	 1.2691550512884376e+03 	 0.0000000000000000e+00 	 0.0000000000000000e+00 	 0.0000000000000000e+00 	 0.0000000000000000e+00 	 -1.0255086858421551e+02
	 0.0000000000000000e+00 	 1.2691550512884376e+03 	 0.0000000000000000e+00 	 0.0000000000000000e+00 	 0.0000000000000000e+00 	 1.4138238678127475e+01
	 0.0000000000000000e+00 	 0.0000000000000000e+00 	 1.2691550512884376e+03 	 1.0255086858421551e+02 	 -1.4138238678127475e+01 	 0.0000000000000000e+00
	 0.0000000000000000e+00 	 0.0000000000000000e+00 	 1.0255086858421551e+02 	 2.6489232482876928e+03 	 -4.2786794596249784e+01 	 0.0000000000000000e+00
	 0.0000000000000000e+00 	 0.0000000000000000e+00 	 -1.4138238678127475e+01 	 -4.2786794596249784e+01 	 1.5080949606691968e+03 	 0.0000000000000000e+00
	 -1.0255086858421551e+02 	 1.4138238678127475e+01 	 0.0000000000000000e+00 	 0.0000000000000000e+00 	 0.0000000000000000e+00 	 4.1570182089568780e+03

	 0.103448 
	 1.0487814121065403e+09 	 9.2405265539941341e+07 	 0.0000000000000000e+00 	 0.0000000000000000e+00 	 0.0000000000000000e+00 	 3.4465996237116802e+08
	 9.2405265539736375e+07 	 2.6498108906303434e+09 	 0.0000000000000000e+00 	 0.0000000000000000e+00 	 0.0000000000000000e+00 	 4.2065515116319686e+07
	 0.0000000000000000e+00 	 0.0000000000000000e+00 	 1.8014684927255276e+10 	 2.2832251072934551e+09 	 1.3386300850969759e+08 	 0.0000000000000000e+00
	 0.0000000000000000e+00 	 0.0000000000000000e+00 	 2.2832251072929459e+09 	 2.6726024248847290e+10 	 -1.6577085663632460e+09 	 0.0000000000000000e+00
	 0.0000000000000000e+00 	 0.0000000000000000e+00 	 1.3386300850990127e+08 	 -1.6577085663632939e+09 	 1.2586702413191048e+10 	 0.0000000000000000e+00
	 3.4465996237115425e+08 	 4.2065515116374686e+07 	 0.0000000000000000e+00 	 0.0000000000000000e+00 	 0.0000000000000000e+00 	 5.7934333685127945e+09

	 1.0220304531473284e+03 	 0.0000000000000000e+00 	 0.0000000000000000e+00 	 0.0000000000000000e+00 	 0.0000000000000000e+00 	 -1.3243467566373005e+02
	 0.0000000000000000e+00 	 1.0220304531473284e+03 	 0.0000000000000000e+00 	 0.0000000000000000e+00 	 0.0000000000000000e+00 	 1.6481278808527723e+01
	 0.0000000000000000e+00 	 0.0000000000000000e+00 	 1.0220304531473284e+03 	 1.3243467566373005e+02 	 -1.6481278808527723e+01 	 0.0000000000000000e+00
	 0.0000000000000000e+00 	 0.0000000000000000e+00 	 1.3243467566373005e+02 	 1.8182781819874990e+03 	 -5.1476774310249652e+01 	 0.0000000000000000e+00
	 0.0000000000000000e+00 	 0.0000000000000000e+00 	 -1.6481278808527723e+01 	 -5.1476774310249652e+01 	 5.8407235101577430e+02 	 0.0000000000000000e+00
	 -1.3243467566373005e+02 	 1.6481278808527723e+01 	 0.0000000000000000e+00 	 0.0000000000000000e+00 	 0.0000000000000000e+00 	 2.4023505330032713e+03

	 0.137931 
	 6.8883216368013501e+08 	 7.7310653301179767e+07 	 0.0000000000000000e+00 	 0.0000000000000000e+00 	 0.0000000000000000e+00 	 2.3376639189456680e+08
	 7.7310653301327497e+07 	 2.0620791641840537e+09 	 0.0000000000000000e+00 	 0.0000000000000000e+00 	 0.0000000000000000e+00 	 5.0994168628918447e+07
	 0.0000000000000000e+00 	 0.0000000000000000e+00 	 1.5762374512408731e+10 	 2.8767760347776642e+09 	 7.2485208148797294e+06 	 0.0000000000000000e+00
	 0.0000000000000000e+00 	 0.0000000000000000e+00 	 2.8767760347777805e+09 	 2.0588074019142921e+10 	 -1.3820077190999012e+09 	 0.0000000000000000e+00
	 0.0000000000000000e+00 	 0.0000000000000000e+00 	 7.2485208147054827e+06 	 -1.3820077191000137e+09 	 8.5826952487206535e+09 	 0.0000000000000000e+00
	 2.3376639189469340e+08 	 5.0994168628895439e+07 	 0.0000000000000000e+00 	 0.0000000000000000e+00 	 0.0000000000000000e+00 	 3.2305247237831841e+09

	 8.0260076769522391e+02 	 0.0000000000000000e+00 	 0.0000000000000000e+00 	 0.0000000000000000e+00 	 0.0000000000000000e+00 	 -1.7607439950324078e+02
	 0.0000000000000000e+00 	 8.0260076769522391e+02 	 0.0000000000000000e+00 	 0.0000000000000000e+00 	 0.0000000000000000e+00 	 1.7910889923519107e+01
	 0.0000000000000000e+00 	 0.0000000000000000e+00 	 8.0260076769522391e+02 	 1.7607439950324078e+02 	 -1.7910889923519107e+01 	 0.0000000000000000e+00
	 0.0000000000000000e+00 	 0.0000000000000000e+00 	 1.7607439950324078e+02 	 1.3913929563971851e+03 	 -4.5634820204589658e+01 	 0.0000000000000000e+00
	 0.0000000000000000e+00 	 0.0000000000000000e+00 	 -1.7910889923519107e+01 	 -4.5634820204589658e+01 	 3.3680262640863134e+02 	 0.0000000000000000e+00
	 -1.7607439950324078e+02 	 1.7910889923519107e+01 	 0.0000000000000000e+00 	 0.0000000000000000e+00 	 0.0000000000000000e+00 	 1.7281955828058162e+03

	 0.172414 
	 4.5298894120995975e+08 	 5.8423253475285128e+07 	 0.0000000000000000e+00 	 0.0000000000000000e+00 	 0.0000000000000000e+00 	 1.5842520421858504e+08
	 5.8423253475331023e+07 	 1.5628332299168642e+09 	 0.0000000000000000e+00 	 0.0000000000000000e+00 	 0.0000000000000000e+00 	 5.4779060884556621e+07
	 0.0000000000000000e+00 	 0.0000000000000000e+00 	 1.4261077821307018e+10 	 3.1858327703259492e+09 	 -8.5448255736880496e+07 	 0.0000000000000000e+00
	 0.0000000000000000e+00 	 0.0000000000000000e+00 	 3.1858327703257899e+09 	 1.6405168985914675e+10 	 -1.0362536836501302e+09 	 0.0000000000000000e+00
	 0.0000000000000000e+00 	 0.0000000000000000e+00 	 -8.5448255736977085e+07 	 -1.0362536836501606e+09 	 5.7859407572189875e+09 	 0.0000000000000000e+00
	 1.5842520421857956e+08 	 5.4779060884539880e+07 	 0.0000000000000000e+00 	 0.0000000000000000e+00 	 0.0000000000000000e+00 	 1.6845291243704875e+09

	 6.3611347249056246e+02 	 0.0000000000000000e+00 	 0.0000000000000000e+00 	 0.0000000000000000e+00 	 0.0000000000000000e+00 	 -1.9879422452465241e+02
	 0.0000000000000000e+00 	 6.3611347249056246e+02 	 0.0000000000000000e+00 	 0.0000000000000000e+00 	 0.0000000000000000e+00 	 1.8241798080957881e+01
	 0.0000000000000000e+00 	 0.0000000000000000e+00 	 6.3611347249056246e+02 	 1.9879422452465241e+02 	 -1.8241798080957881e+01 	 0.0000000000000000e+00
	 0.0000000000000000e+00 	 0.0000000000000000e+00 	 1.9879422452465241e+02 	 1.0980225194859852e+03 	 -3.7548344324310506e+01 	 0.0000000000000000e+00
	 0.0000000000000000e+00 	 0.0000000000000000e+00 	 -1.8241798080957881e+01 	 -3.7548344324310506e+01 	 1.8790809642685221e+02 	 0.0000000000000000e+00
	 -1.9879422452465241e+02 	 1.8241798080957881e+01 	 0.0000000000000000e+00 	 0.0000000000000000e+00 	 0.0000000000000000e+00 	 1.2859306159128371e+03

	 0.206897 
	 3.2925336585198724e+08 	 4.7944866262379929e+07 	 0.0000000000000000e+00 	 0.0000000000000000e+00 	 0.0000000000000000e+00 	 8.1109434430476531e+07
	 4.7944866262373351e+07 	 1.1666952588555820e+09 	 0.0000000000000000e+00 	 0.0000000000000000e+00 	 0.0000000000000000e+00 	 3.9342786335917510e+07
	 0.0000000000000000e+00 	 0.0000000000000000e+00 	 1.3487315363317204e+10 	 3.5520839801600537e+09 	 -5.4388685536160218e+06 	 0.0000000000000000e+00
	 0.0000000000000000e+00 	 0.0000000000000000e+00 	 3.5520839801601787e+09 	 1.3941843161101986e+10 	 -8.3651226024698210e+08 	 0.0000000000000000e+00
	 0.0000000000000000e+00 	 0.0000000000000000e+00 	 -5.4388685537055880e+06 	 -8.3651226024698365e+08 	 4.4651688300539913e+09 	 0.0000000000000000e+00
	 8.1109434430509433e+07 	 3.9342786336002126e+07 	 0.0000000000000000e+00 	 0.0000000000000000e+00 	 0.0000000000000000e+00 	 9.3795891969790184e+08

	 5.2183464552334874e+02 	 0.0000000000000000e+00 	 0.0000000000000000e+00 	 0.0000000000000000e+00 	 0.0000000000000000e+00 	 -2.2341496603281925e+02
	 0.0000000000000000e+00 	 5.2183464552334874e+02 	 0.0000000000000000e+00 	 0.0000000000000000e+00 	 0.0000000000000000e+00 	 1.1445515721557937e+01
	 0.0000000000000000e+00 	 0.0000000000000000e+00 	 5.2183464552334874e+02 	 2.2341496603281925e+02 	 -1.1445515721557937e+01 	 0.0000000000000000e+00
	 0.0000000000000000e+00 	 0.0000000000000000e+00 	 2.2341496603281925e+02 	 9.1980273277306435e+02 	 -3.1653128160525945e+01 	 0.0000000000000000e+00
	 0.0000000000000000e+00 	 0.0000000000000000e+00 	 -1.1445515721557937e+01 	 -3.1653128160525945e+01 	 1.1796216024627061e+02 	 0.0000000000000000e+00
	 -2.2341496603281925e+02 	 1.1445515721557937e+01 	 0.0000000000000000e+00 	 0.0000000000000000e+00 	 0.0000000000000000e+00 	 1.0377648930193352e+03

	 0.241379 
	 2.7546377397975886e+08 	 3.2895692329355303e+07 	 0.0000000000000000e+00 	 0.0000000000000000e+00 	 0.0000000000000000e+00 	 4.9249621115275964e+07
	 3.2895692329276241e+07 	 8.9350898589845479e+08 	 0.0000000000000000e+00 	 0.0000000000000000e+00 	 0.0000000000000000e+00 	 3.8564139943180233e+07
	 0.0000000000000000e+00 	 0.0000000000000000e+00 	 1.3267492308280525e+10 	 3.4842225884946527e+09 	 -1.3833239273590100e+08 	 0.0000000000000000e+00
	 0.0000000000000000e+00 	 0.0000000000000000e+00 	 3.4842225884948816e+09 	 1.2509312863560764e+10 	 -6.3382812004689777e+08 	 0.0000000000000000e+00
	 0.0000000000000000e+00 	 0.0000000000000000e+00 	 -1.3833239273597670e+08 	 -6.3382812004686487e+08 	 4.0409784628203173e+09 	 0.0000000000000000e+00
	 4.9249621115325861e+07 	 3.8564139943193994e+07 	 0.0000000000000000e+00 	 0.0000000000000000e+00 	 0.0000000000000000e+00 	 6.2773716941143692e+08

	 4.5451957517919703e+02 	 0.0000000000000000e+00 	 0.0000000000000000e+00 	 0.0000000000000000e+00 	 0.0000000000000000e+00 	 -2.2656331238915720e+02
	 0.0000000000000000e+00 	 4.5451957517919703e+02 	 0.0000000000000000e+00 	 0.0000000000000000e+00 	 0.0000000000000000e+00 	 1.3087080342609815e+01
	 0.0000000000000000e+00 	 0.0000000000000000e+00 	 4.5451957517919703e+02 	 2.2656331238915720e+02 	 -1.3087080342609815e+01 	 0.0000000000000000e+00
	 0.0000000000000000e+00 	 0.0000000000000000e+00 	 2.2656331238915720e+02 	 8.1724109600988413e+02 	 -2.6975193517152196e+01 	 0.0000000000000000e+00
	 0.0000000000000000e+00 	 0.0000000000000000e+00 	 -1.3087080342609815e+01 	 -2.6975193517152196e+01 	 9.1054512696741739e+01 	 0.0000000000000000e+00
	 -2.2656331238915720e+02 	 1.3087080342609815e+01 	 0.0000000000000000e+00 	 0.0000000000000000e+00 	 0.0000000000000000e+00 	 9.0829560870662488e+02

	 0.275862 
	 2.4080289405955666e+08 	 2.2429029790081762e+07 	 0.0000000000000000e+00 	 0.0000000000000000e+00 	 0.0000000000000000e+00 	 3.4515404425176583e+07
	 2.2429029790088605e+07 	 7.5870147992468321e+08 	 0.0000000000000000e+00 	 0.0000000000000000e+00 	 0.0000000000000000e+00 	 4.1503213346124545e+07
	 0.0000000000000000e+00 	 0.0000000000000000e+00 	 1.3574512219897362e+10 	 3.5953287078818130e+09 	 -3.2273155486891443e+08 	 0.0000000000000000e+00
	 0.0000000000000000e+00 	 0.0000000000000000e+00 	 3.5953287078818049e+09 	 1.2341851800041538e+10 	 -4.9697844406608176e+08 	 0.0000000000000000e+00
	 0.0000000000000000e+00 	 0.0000000000000000e+00 	 -3.2273155486899608e+08 	 -4.9697844406597233e+08 	 3.7161667569452600e+09 	 0.0000000000000000e+00
	 3.4515404425195314e+07 	 4.1503213346080415e+07 	 0.0000000000000000e+00 	 0.0000000000000000e+00 	 0.0000000000000000e+00 	 4.6436450232533842e+08

	 4.2600980828467942e+02 	 0.0000000000000000e+00 	 0.0000000000000000e+00 	 0.0000000000000000e+00 	 0.0000000000000000e+00 	 -2.4107229721051073e+02
	 0.0000000000000000e+00 	 4.2600980828467942e+02 	 0.0000000000000000e+00 	 0.0000000000000000e+00 	 0.0000000000000000e+00 	 1.6335769617660340e+01
	 0.0000000000000000e+00 	 0.0000000000000000e+00 	 4.2600980828467942e+02 	 2.4107229721051073e+02 	 -1.6335769617660340e+01 	 0.0000000000000000e+00
	 0.0000000000000000e+00 	 0.0000000000000000e+00 	 2.4107229721051073e+02 	 8.0100854234282713e+02 	 -2.5358594666169015e+01 	 0.0000000000000000e+00
	 0.0000000000000000e+00 	 0.0000000000000000e+00 	 -1.6335769617660340e+01 	 -2.5358594666169015e+01 	 7.5545951694295809e+01 	 0.0000000000000000e+00
	 -2.4107229721051073e+02 	 1.6335769617660340e+01 	 0.0000000000000000e+00 	 0.0000000000000000e+00 	 0.0000000000000000e+00 	 8.7655449403712510e+02

	 0.310345 
	 2.1377760503524223e+08 	 1.6867914927383814e+07 	 0.0000000000000000e+00 	 0.0000000000000000e+00 	 0.0000000000000000e+00 	 2.6165884290392954e+07
	 1.6867914927481860e+07 	 6.7590917088503027e+08 	 0.0000000000000000e+00 	 0.0000000000000000e+00 	 0.0000000000000000e+00 	 4.3804929751541011e+07
	 0.0000000000000000e+00 	 0.0000000000000000e+00 	 1.3974151881582451e+10 	 3.8188039689231544e+09 	 -4.7257695477138221e+08 	 0.0000000000000000e+00
	 0.0000000000000000e+00 	 0.0000000000000000e+00 	 3.8188039689229059e+09 	 1.2457470481596889e+10 	 -4.3946705488720804e+08 	 0.0000000000000000e+00
	 0.0000000000000000e+00 	 0.0000000000000000e+00 	 -4.7257695477126598e+08 	 -4.3946705488722742e+08 	 3.4142091037910142e+09 	 0.0000000000000000e+00
	 2.6165884290476423e+07 	 4.3804929751536988e+07 	 0.0000000000000000e+00 	 0.0000000000000000e+00 	 0.0000000000000000e+00 	 3.6293496932971859e+08

	 4.0854074023129078e+02 	 0.0000000000000000e+00 	 0.0000000000000000e+00 	 0.0000000000000000e+00 	 0.0000000000000000e+00 	 -2.5654949065651334e+02
	 0.0000000000000000e+00 	 4.0854074023129078e+02 	 0.0000000000000000e+00 	 0.0000000000000000e+00 	 0.0000000000000000e+00 	 1.8597528977499142e+01
	 0.0000000000000000e+00 	 0.0000000000000000e+00 	 4.0854074023129078e+02 	 2.5654949065651334e+02 	 -1.8597528977499142e+01 	 0.0000000000000000e+00
	 0.0000000000000000e+00 	 0.0000000000000000e+00 	 2.5654949065651334e+02 	 8.0405378912805247e+02 	 -2.5052744247036159e+01 	 0.0000000000000000e+00
	 0.0000000000000000e+00 	 0.0000000000000000e+00 	 -1.8597528977499142e+01 	 -2.5052744247036159e+01 	 6.4634714076202172e+01 	 0.0000000000000000e+00
	 -2.5654949065651334e+02 	 1.8597528977499142e+01 	 0.0000000000000000e+00 	 0.0000000000000000e+00 	 0.0000000000000000e+00 	 8.6868850320425429e+02

	 0.344828 
	 2.0225016517578512e+08 	 1.4664925413640870e+07 	 0.0000000000000000e+00 	 0.0000000000000000e+00 	 0.0000000000000000e+00 	 2.4210515689849157e+07
	 1.4664925413750008e+07 	 6.3973968717651320e+08 	 0.0000000000000000e+00 	 0.0000000000000000e+00 	 0.0000000000000000e+00 	 4.1637717006613478e+07
	 0.0000000000000000e+00 	 0.0000000000000000e+00 	 1.4460244854436954e+10 	 3.9014059761312060e+09 	 -5.2081486560506225e+08 	 0.0000000000000000e+00
	 0.0000000000000000e+00 	 0.0000000000000000e+00 	 3.9014059761310883e+09 	 1.2442904335258133e+10 	 -4.2241830584849584e+08 	 0.0000000000000000e+00
	 0.0000000000000000e+00 	 0.0000000000000000e+00 	 -5.2081486560501873e+08 	 -4.2241830584853381e+08 	 3.3718878816307683e+09 	 0.0000000000000000e+00
	 2.4210515689886399e+07 	 4.1637717006612107e+07 	 0.0000000000000000e+00 	 0.0000000000000000e+00 	 0.0000000000000000e+00 	 3.2583245319059390e+08

	 4.0174762390408654e+02 	 0.0000000000000000e+00 	 0.0000000000000000e+00 	 0.0000000000000000e+00 	 0.0000000000000000e+00 	 -2.6535008830295044e+02
	 0.0000000000000000e+00 	 4.0174762390408654e+02 	 0.0000000000000000e+00 	 0.0000000000000000e+00 	 0.0000000000000000e+00 	 1.8790416044757560e+01
	 0.0000000000000000e+00 	 0.0000000000000000e+00 	 4.0174762390408654e+02 	 2.6535008830295044e+02 	 -1.8790416044757560e+01 	 0.0000000000000000e+00
	 0.0000000000000000e+00 	 0.0000000000000000e+00 	 2.6535008830295044e+02 	 7.9551636889303995e+02 	 -2.4567162870157251e+01 	 0.0000000000000000e+00
	 0.0000000000000000e+00 	 0.0000000000000000e+00 	 -1.8790416044757560e+01 	 -2.4567162870157251e+01 	 6.1173720789009039e+01 	 0.0000000000000000e+00
	 -2.6535008830295044e+02 	 1.8790416044757560e+01 	 0.0000000000000000e+00 	 0.0000000000000000e+00 	 0.0000000000000000e+00 	 8.5669008968204969e+02

	 0.379310 
	 1.8683798661311010e+08 	 1.2894768931127703e+07 	 0.0000000000000000e+00 	 0.0000000000000000e+00 	 0.0000000000000000e+00 	 2.2634931291661222e+07
	 1.2894768931048291e+07 	 6.0852856811763668e+08 	 0.0000000000000000e+00 	 0.0000000000000000e+00 	 0.0000000000000000e+00 	 3.9223183574277557e+07
	 0.0000000000000000e+00 	 0.0000000000000000e+00 	 1.4767717424792107e+10 	 3.8284594624080691e+09 	 -5.5298339655060673e+08 	 0.0000000000000000e+00
	 0.0000000000000000e+00 	 0.0000000000000000e+00 	 3.8284594624078774e+09 	 1.1872491802281279e+10 	 -3.9599795367674005e+08 	 0.0000000000000000e+00
	 0.0000000000000000e+00 	 0.0000000000000000e+00 	 -5.5298339655056822e+08 	 -3.9599795367666566e+08 	 3.1678732811970582e+09 	 0.0000000000000000e+00
	 2.2634931291668650e+07 	 3.9223183574244045e+07 	 0.0000000000000000e+00 	 0.0000000000000000e+00 	 0.0000000000000000e+00 	 2.8523449341960692e+08

	 3.8982122788395822e+02 	 0.0000000000000000e+00 	 0.0000000000000000e+00 	 0.0000000000000000e+00 	 0.0000000000000000e+00 	 -2.6136193525116039e+02
	 0.0000000000000000e+00 	 3.8982122788395822e+02 	 0.0000000000000000e+00 	 0.0000000000000000e+00 	 0.0000000000000000e+00 	 1.8397865039158791e+01
	 0.0000000000000000e+00 	 0.0000000000000000e+00 	 3.8982122788395822e+02 	 2.6136193525116039e+02 	 -1.8397865039158791e+01 	 0.0000000000000000e+00
	 0.0000000000000000e+00 	 0.0000000000000000e+00 	 2.6136193525116039e+02 	 7.4869990025083098e+02 	 -2.2950207266131429e+01 	 0.0000000000000000e+00
	 0.0000000000000000e+00 	 0.0000000000000000e+00 	 -1.8397865039158791e+01 	 -2.2950207266131429e+01 	 5.5407734223991774e+01 	 0.0000000000000000e+00
	 -2.6136193525116039e+02 	 1.8397865039158791e+01 	 0.0000000000000000e+00 	 0.0000000000000000e+00 	 0.0000000000000000e+00 	 8.0410763447482429e+02

	 0.413793 
	 1.6881931481037191e+08 	 1.1002292458923236e+07 	 0.0000000000000000e+00 	 0.0000000000000000e+00 	 0.0000000000000000e+00 	 2.1137337207449324e+07
	 1.1002292459033130e+07 	 5.7420621633189619e+08 	 0.0000000000000000e+00 	 0.0000000000000000e+00 	 0.0000000000000000e+00 	 3.6343271877723396e+07
	 0.0000000000000000e+00 	 0.0000000000000000e+00 	 1.4821209388002733e+10 	 3.5526853786430016e+09 	 -5.4445958382104814e+08 	 0.0000000000000000e+00
	 0.0000000000000000e+00 	 0.0000000000000000e+00 	 3.5526853786428285e+09 	 1.0677280678705967e+10 	 -3.5036297670835745e+08 	 0.0000000000000000e+00
	 0.0000000000000000e+00 	 0.0000000000000000e+00 	 -5.4445958382108855e+08 	 -3.5036297670836866e+08 	 2.8635685552494602e+09 	 0.0000000000000000e+00
	 2.1137337207441691e+07 	 3.6343271877735667e+07 	 0.0000000000000000e+00 	 0.0000000000000000e+00 	 0.0000000000000000e+00 	 2.4272147977392235e+08

	 3.7179845721899062e+02 	 0.0000000000000000e+00 	 0.0000000000000000e+00 	 0.0000000000000000e+00 	 0.0000000000000000e+00 	 -2.4135623468115088e+02
	 0.0000000000000000e+00 	 3.7179845721899062e+02 	 0.0000000000000000e+00 	 0.0000000000000000e+00 	 0.0000000000000000e+00 	 1.7169592392513540e+01
	 0.0000000000000000e+00 	 0.0000000000000000e+00 	 3.7179845721899062e+02 	 2.4135623468115088e+02 	 -1.7169592392513540e+01 	 0.0000000000000000e+00
	 0.0000000000000000e+00 	 0.0000000000000000e+00 	 2.4135623468115088e+02 	 6.6124964292715879e+02 	 -2.0168952915181496e+01 	 0.0000000000000000e+00
	 0.0000000000000000e+00 	 0.0000000000000000e+00 	 -1.7169592392513540e+01 	 -2.0168952915181496e+01 	 4.8358687412892195e+01 	 0.0000000000000000e+00
	 -2.4135623468115088e+02 	 1.7169592392513540e+01 	 0.0000000000000000e+00 	 0.0000000000000000e+00 	 0.0000000000000000e+00 	 7.0960833034005168e+02

	 0.448276 
	 1.4648605376721403e+08 	 9.0307716466909386e+06 	 0.0000000000000000e+00 	 0.0000000000000000e+00 	 0.0000000000000000e+00 	 1.8751643955545593e+07
	 9.0307716467395835e+06 	 5.2475666835860121e+08 	 0.0000000000000000e+00 	 0.0000000000000000e+00 	 0.0000000000000000e+00 	 3.1407471711481340e+07
	 0.0000000000000000e+00 	 0.0000000000000000e+00 	 1.4532629125397104e+10 	 3.0431075718313479e+09 	 -4.9367997856029612e+08 	 0.0000000000000000e+00
	 0.0000000000000000e+00 	 0.0000000000000000e+00 	 3.0431075718311105e+09 	 8.7270156736515636e+09 	 -2.8572231066068566e+08 	 0.0000000000000000e+00
	 0.0000000000000000e+00 	 0.0000000000000000e+00 	 -4.9367997856026042e+08 	 -2.8572231066080689e+08 	 2.4060083802158618e+09 	 0.0000000000000000e+00
	 1.8751643955538437e+07 	 3.1407471711455856e+07 	 0.0000000000000000e+00 	 0.0000000000000000e+00 	 0.0000000000000000e+00 	 1.8943867471699753e+08

	 3.4262628784196158e+02 	 0.0000000000000000e+00 	 0.0000000000000000e+00 	 0.0000000000000000e+00 	 0.0000000000000000e+00 	 -2.0411804797599424e+02
	 0.0000000000000000e+00 	 3.4262628784196158e+02 	 0.0000000000000000e+00 	 0.0000000000000000e+00 	 0.0000000000000000e+00 	 1.4856111057629839e+01
	 0.0000000000000000e+00 	 0.0000000000000000e+00 	 3.4262628784196158e+02 	 2.0411804797599424e+02 	 -1.4856111057629839e+01 	 0.0000000000000000e+00
	 0.0000000000000000e+00 	 0.0000000000000000e+00 	 2.0411804797599424e+02 	 5.2462537629214410e+02 	 -1.5999849084040301e+01 	 0.0000000000000000e+00
	 0.0000000000000000e+00 	 0.0000000000000000e+00 	 -1.4856111057629839e+01 	 -1.5999849084040301e+01 	 3.8885188899234024e+01 	 0.0000000000000000e+00
	 -2.0411804797599424e+02 	 1.4856111057629839e+01 	 0.0000000000000000e+00 	 0.0000000000000000e+00 	 0.0000000000000000e+00 	 5.6351056519137671e+02

	 0.482759 
	 1.2592028437756978e+08 	 6.9605774423294310e+06 	 0.0000000000000000e+00 	 0.0000000000000000e+00 	 0.0000000000000000e+00 	 1.6384001465026438e+07
	 6.9605774422845980e+06 	 4.7350100868344331e+08 	 0.0000000000000000e+00 	 0.0000000000000000e+00 	 0.0000000000000000e+00 	 2.6899294772079665e+07
	 0.0000000000000000e+00 	 0.0000000000000000e+00 	 1.3933427594602322e+10 	 2.5527121745957518e+09 	 -4.2178240757833517e+08 	 0.0000000000000000e+00
	 0.0000000000000000e+00 	 0.0000000000000000e+00 	 2.5527121745956783e+09 	 7.0142006444235172e+09 	 -2.2394936749471739e+08 	 0.0000000000000000e+00
	 0.0000000000000000e+00 	 0.0000000000000000e+00 	 -4.2178240757828844e+08 	 -2.2394936749466929e+08 	 2.0000934427033041e+09 	 0.0000000000000000e+00
	 1.6384001465025449e+07 	 2.6899294772066284e+07 	 0.0000000000000000e+00 	 0.0000000000000000e+00 	 0.0000000000000000e+00 	 1.4694748057434621e+08

	 3.1156686799103574e+02 	 0.0000000000000000e+00 	 0.0000000000000000e+00 	 0.0000000000000000e+00 	 0.0000000000000000e+00 	 -1.6822343698667555e+02
	 0.0000000000000000e+00 	 3.1156686799103574e+02 	 0.0000000000000000e+00 	 0.0000000000000000e+00 	 0.0000000000000000e+00 	 1.2516659816617269e+01
	 0.0000000000000000e+00 	 0.0000000000000000e+00 	 3.1156686799103574e+02 	 1.6822343698667555e+02 	 -1.2516659816617269e+01 	 0.0000000000000000e+00
	 0.0000000000000000e+00 	 0.0000000000000000e+00 	 1.6822343698667555e+02 	 4.0877408709708152e+02 	 -1.2431592597271191e+01 	 0.0000000000000000e+00
	 0.0000000000000000e+00 	 0.0000000000000000e+00 	 -1.2516659816617269e+01 	 -1.2431592597271191e+01 	 3.1117602329775529e+01 	 0.0000000000000000e+00
	 -1.6822343698667555e+02 	 1.2516659816617269e+01 	 0.0000000000000000e+00 	 0.0000000000000000e+00 	 0.0000000000000000e+00 	 4.3989168942685802e+02

	 0.517241 
	 1.0685559659210235e+08 	 5.1691597814219622e+06 	 0.0000000000000000e+00 	 0.0000000000000000e+00 	 0.0000000000000000e+00 	 1.3956108281123396e+07
	 5.1691597813724373e+06 	 4.2223119782033867e+08 	 0.0000000000000000e+00 	 0.0000000000000000e+00 	 0.0000000000000000e+00 	 2.2599414097993661e+07
	 0.0000000000000000e+00 	 0.0000000000000000e+00 	 1.3058679499599300e+10 	 2.0605308705611832e+09 	 -3.5439008720211524e+08 	 0.0000000000000000e+00
	 0.0000000000000000e+00 	 0.0000000000000000e+00 	 2.0605308705610666e+09 	 5.4533153892651815e+09 	 -1.6659474639189366e+08 	 0.0000000000000000e+00
	 0.0000000000000000e+00 	 0.0000000000000000e+00 	 -3.5439008720227939e+08 	 -1.6659474639201519e+08 	 1.6216970661773875e+09 	 0.0000000000000000e+00
	 1.3956108281139130e+07 	 2.2599414098004561e+07 	 0.0000000000000000e+00 	 0.0000000000000000e+00 	 0.0000000000000000e+00 	 1.1153877183307663e+08

	 2.7853809663694000e+02 	 0.0000000000000000e+00 	 0.0000000000000000e+00 	 0.0000000000000000e+00 	 0.0000000000000000e+00 	 -1.3316095817184430e+02
	 0.0000000000000000e+00 	 2.7853809663694000e+02 	 0.0000000000000000e+00 	 0.0000000000000000e+00 	 0.0000000000000000e+00 	 1.0332094195439753e+01
	 0.0000000000000000e+00 	 0.0000000000000000e+00 	 2.7853809663694000e+02 	 1.3316095817184430e+02 	 -1.0332094195439753e+01 	 0.0000000000000000e+00
	 0.0000000000000000e+00 	 0.0000000000000000e+00 	 1.3316095817184430e+02 	 3.0686924078545553e+02 	 -9.2961362692250695e+00 	 0.0000000000000000e+00
	 0.0000000000000000e+00 	 0.0000000000000000e+00 	 -1.0332094195439753e+01 	 -9.2961362692250695e+00 	 2.4373668090334025e+01 	 0.0000000000000000e+00
	 -1.3316095817184430e+02 	 1.0332094195439753e+01 	 0.0000000000000000e+00 	 0.0000000000000000e+00 	 0.0000000000000000e+00 	 3.3124290887578940e+02

	 0.551724 
	 9.0000012337201044e+07 	 3.7930159873549133e+06 	 0.0000000000000000e+00 	 0.0000000000000000e+00 	 0.0000000000000000e+00 	 1.1563120013490032e+07
	 3.7930159873724584e+06 	 3.7333060584122145e+08 	 0.0000000000000000e+00 	 0.0000000000000000e+00 	 0.0000000000000000e+00 	 1.8730637572106339e+07
	 0.0000000000000000e+00 	 0.0000000000000000e+00 	 1.1986101109140734e+10 	 1.6333865686104727e+09 	 -2.8413976767515630e+08 	 0.0000000000000000e+00
	 0.0000000000000000e+00 	 0.0000000000000000e+00 	 1.6333865686103575e+09 	 4.1887386222026467e+09 	 -1.2303023600545196e+08 	 0.0000000000000000e+00
	 0.0000000000000000e+00 	 0.0000000000000000e+00 	 -2.8413976767515516e+08 	 -1.2303023600548042e+08 	 1.2778952713464854e+09 	 0.0000000000000000e+00
	 1.1563120013518918e+07 	 1.8730637572143868e+07 	 0.0000000000000000e+00 	 0.0000000000000000e+00 	 0.0000000000000000e+00 	 8.3097590245913848e+07

	 2.4551442666546112e+02 	 0.0000000000000000e+00 	 0.0000000000000000e+00 	 0.0000000000000000e+00 	 0.0000000000000000e+00 	 -1.0301980753321425e+02
	 0.0000000000000000e+00 	 2.4551442666546112e+02 	 0.0000000000000000e+00 	 0.0000000000000000e+00 	 0.0000000000000000e+00 	 8.2921489806920263e+00
	 0.0000000000000000e+00 	 0.0000000000000000e+00 	 2.4551442666546112e+02 	 1.0301980753321425e+02 	 -8.2921489806920263e+00 	 0.0000000000000000e+00
	 0.0000000000000000e+00 	 0.0000000000000000e+00 	 1.0301980753321425e+02 	 2.2587577162174293e+02 	 -6.7827940939775084e+00 	 0.0000000000000000e+00
	 0.0000000000000000e+00 	 0.0000000000000000e+00 	 -8.2921489806920263e+00 	 -6.7827940939775084e+00 	 1.8639340762649585e+01 	 0.0000000000000000e+00
	 -1.0301980753321425e+02 	 8.2921489806920263e+00 	 0.0000000000000000e+00 	 0.0000000000000000e+00 	 0.0000000000000000e+00 	 2.4451511238439255e+02

	 0.586207 
	 7.5413164848694086e+07 	 2.7950153227699278e+06 	 0.0000000000000000e+00 	 0.0000000000000000e+00 	 0.0000000000000000e+00 	 9.4027615721894559e+06
	 2.7950153228470660e+06 	 3.2953915608252531e+08 	 0.0000000000000000e+00 	 0.0000000000000000e+00 	 0.0000000000000000e+00 	 1.5280919360448871e+07
	 0.0000000000000000e+00 	 0.0000000000000000e+00 	 1.0816215465922346e+10 	 1.2794612779959564e+09 	 -2.2905119582520390e+08 	 0.0000000000000000e+00
	 0.0000000000000000e+00 	 0.0000000000000000e+00 	 1.2794612779959574e+09 	 3.1631613633943219e+09 	 -8.8118382094493002e+07 	 0.0000000000000000e+00
	 0.0000000000000000e+00 	 0.0000000000000000e+00 	 -2.2905119582523805e+08 	 -8.8118382094499022e+07 	 9.8024678980763304e+08 	 0.0000000000000000e+00
	 9.4027615722050760e+06 	 1.5280919360435652e+07 	 0.0000000000000000e+00 	 0.0000000000000000e+00 	 0.0000000000000000e+00 	 6.0931502226689585e+07

	 2.1363807446369623e+02 	 0.0000000000000000e+00 	 0.0000000000000000e+00 	 0.0000000000000000e+00 	 0.0000000000000000e+00 	 -7.7989655760961142e+01
	 0.0000000000000000e+00 	 2.1363807446369623e+02 	 0.0000000000000000e+00 	 0.0000000000000000e+00 	 0.0000000000000000e+00 	 6.6032096050531184e+00
	 0.0000000000000000e+00 	 0.0000000000000000e+00 	 2.1363807446369623e+02 	 7.7989655760961142e+01 	 -6.6032096050531184e+00 	 0.0000000000000000e+00
	 0.0000000000000000e+00 	 0.0000000000000000e+00 	 7.7989655760961142e+01 	 1.6271119932718065e+02 	 -4.8210377897956764e+00 	 0.0000000000000000e+00
	 0.0000000000000000e+00 	 0.0000000000000000e+00 	 -6.6032096050531184e+00 	 -4.8210377897956764e+00 	 1.3931733284228404e+01 	 0.0000000000000000e+00
	 -7.7989655760961142e+01 	 6.6032096050531184e+00 	 0.0000000000000000e+00 	 0.0000000000000000e+00 	 0.0000000000000000e+00 	 1.7664293261140892e+02

	 0.620690 
	 6.3363066730509020e+07 	 2.3180623666490568e+06 	 0.0000000000000000e+00 	 0.0000000000000000e+00 	 0.0000000000000000e+00 	 6.5175104037239933e+06
	 2.3180623666120833e+06 	 2.9125298878005230e+08 	 0.0000000000000000e+00 	 0.0000000000000000e+00 	 0.0000000000000000e+00 	 1.2157097260498233e+07
	 0.0000000000000000e+00 	 0.0000000000000000e+00 	 9.5990707417123260e+09 	 9.7755209388619721e+08 	 -1.8272308346972021e+08 	 0.0000000000000000e+00
	 0.0000000000000000e+00 	 0.0000000000000000e+00 	 9.7755209388616073e+08 	 2.3542678441388731e+09 	 -6.3189103336399369e+07 	 0.0000000000000000e+00
	 0.0000000000000000e+00 	 0.0000000000000000e+00 	 -1.8272308346968877e+08 	 -6.3189103336386330e+07 	 7.3014451515506256e+08 	 0.0000000000000000e+00
	 6.5175104037070349e+06 	 1.2157097260485621e+07 	 0.0000000000000000e+00 	 0.0000000000000000e+00 	 0.0000000000000000e+00 	 4.3861655854994737e+07

	 1.8358159635709623e+02 	 0.0000000000000000e+00 	 0.0000000000000000e+00 	 0.0000000000000000e+00 	 0.0000000000000000e+00 	 -5.7836284257869629e+01
	 0.0000000000000000e+00 	 1.8358159635709623e+02 	 0.0000000000000000e+00 	 0.0000000000000000e+00 	 0.0000000000000000e+00 	 5.2089834582754477e+00
	 0.0000000000000000e+00 	 0.0000000000000000e+00 	 1.8358159635709623e+02 	 5.7836284257869629e+01 	 -5.2089834582754477e+00 	 0.0000000000000000e+00
	 0.0000000000000000e+00 	 0.0000000000000000e+00 	 5.7836284257869629e+01 	 1.1429122042892000e+02 	 -3.3732377880124056e+00 	 0.0000000000000000e+00
	 0.0000000000000000e+00 	 0.0000000000000000e+00 	 -5.2089834582754477e+00 	 -3.3732377880124056e+00 	 1.0171846793909873e+01 	 0.0000000000000000e+00
	 -5.7836284257869629e+01 	 5.2089834582754477e+00 	 0.0000000000000000e+00 	 0.0000000000000000e+00 	 0.0000000000000000e+00 	 1.2446306722282984e+02

	 0.655172 
	 5.3638396756184846e+07 	 1.9384365938558239e+06 	 0.0000000000000000e+00 	 0.0000000000000000e+00 	 0.0000000000000000e+00 	 4.9430397120223790e+06
	 1.9384365939274258e+06 	 2.5843233656652561e+08 	 0.0000000000000000e+00 	 0.0000000000000000e+00 	 0.0000000000000000e+00 	 9.6157564437578153e+06
	 0.0000000000000000e+00 	 0.0000000000000000e+00 	 8.4366831155145044e+09 	 7.6404128166354632e+08 	 -1.4919156953251755e+08 	 0.0000000000000000e+00
	 0.0000000000000000e+00 	 0.0000000000000000e+00 	 7.6404128166353452e+08 	 1.7821206498445048e+09 	 -4.5615216937834941e+07 	 0.0000000000000000e+00
	 0.0000000000000000e+00 	 0.0000000000000000e+00 	 -1.4919156953253564e+08 	 -4.5615216937835500e+07 	 5.3041840931276596e+08 	 0.0000000000000000e+00
	 4.9430397120219851e+06 	 9.6157564437607434e+06 	 0.0000000000000000e+00 	 0.0000000000000000e+00 	 0.0000000000000000e+00 	 3.1674751373056032e+07

	 1.5692199818722310e+02 	 0.0000000000000000e+00 	 0.0000000000000000e+00 	 0.0000000000000000e+00 	 0.0000000000000000e+00 	 -4.4103324075910791e+01
	 0.0000000000000000e+00 	 1.5692199818722310e+02 	 0.0000000000000000e+00 	 0.0000000000000000e+00 	 0.0000000000000000e+00 	 4.1458973154103713e+00
	 0.0000000000000000e+00 	 0.0000000000000000e+00 	 1.5692199818722310e+02 	 4.4103324075910791e+01 	 -4.1458973154103713e+00 	 0.0000000000000000e+00
	 0.0000000000000000e+00 	 0.0000000000000000e+00 	 4.4103324075910791e+01 	 8.1303925700727362e+01 	 -2.3737666845892282e+00 	 0.0000000000000000e+00
	 0.0000000000000000e+00 	 0.0000000000000000e+00 	 -4.1458973154103713e+00 	 -2.3737666845892282e+00 	 7.2816489875058812e+00 	 0.0000000000000000e+00
	 -4.4103324075910791e+01 	 4.1458973154103713e+00 	 0.0000000000000000e+00 	 0.0000000000000000e+00 	 0.0000000000000000e+00 	 8.8585574688233251e+01

	 0.689655 
	 4.5874410107370861e+07 	 1.6753610508786063e+06 	 0.0000000000000000e+00 	 0.0000000000000000e+00 	 0.0000000000000000e+00 	 4.0237589156917622e+06
	 1.6753610508553504e+06 	 2.3052819732031825e+08 	 0.0000000000000000e+00 	 0.0000000000000000e+00 	 0.0000000000000000e+00 	 7.7112589149195887e+06
	 0.0000000000000000e+00 	 0.0000000000000000e+00 	 7.4061647017577410e+09 	 6.1384872208322096e+08 	 -1.3133973971153493e+08 	 0.0000000000000000e+00
	 0.0000000000000000e+00 	 0.0000000000000000e+00 	 6.1384872208319867e+08 	 1.3783949128097351e+09 	 -3.3260395868921656e+07 	 0.0000000000000000e+00
	 0.0000000000000000e+00 	 0.0000000000000000e+00 	 -1.3133973971151640e+08 	 -3.3260395868930146e+07 	 3.7764174009824395e+08 	 0.0000000000000000e+00
	 4.0237589156952486e+06 	 7.7112589149078391e+06 	 0.0000000000000000e+00 	 0.0000000000000000e+00 	 0.0000000000000000e+00 	 2.3004647434535604e+07

	 1.3460967753924351e+02 	 0.0000000000000000e+00 	 0.0000000000000000e+00 	 0.0000000000000000e+00 	 0.0000000000000000e+00 	 -3.4880913973902999e+01
	 0.0000000000000000e+00 	 1.3460967753924351e+02 	 0.0000000000000000e+00 	 0.0000000000000000e+00 	 0.0000000000000000e+00 	 3.4104355329002609e+00
	 0.0000000000000000e+00 	 0.0000000000000000e+00 	 1.3460967753924351e+02 	 3.4880913973902999e+01 	 -3.4104355329002609e+00 	 0.0000000000000000e+00
	 0.0000000000000000e+00 	 0.0000000000000000e+00 	 3.4880913973902999e+01 	 5.9050325337450651e+01 	 -1.6971162525276449e+00 	 0.0000000000000000e+00
	 0.0000000000000000e+00 	 0.0000000000000000e+00 	 -3.4104355329002609e+00 	 -1.6971162525276449e+00 	 5.1266840527170761e+00 	 0.0000000000000000e+00
	 -3.4880913973902999e+01 	 3.4104355329002609e+00 	 0.0000000000000000e+00 	 0.0000000000000000e+00 	 0.0000000000000000e+00 	 6.4177009390167854e+01

	 0.724138 
	 3.9481578778035596e+07 	 1.5504649179110506e+06 	 0.0000000000000000e+00 	 0.0000000000000000e+00 	 0.0000000000000000e+00 	 3.3061627152465871e+06
	 1.5504649178820939e+06 	 2.0770846588484442e+08 	 0.0000000000000000e+00 	 0.0000000000000000e+00 	 0.0000000000000000e+00 	 6.2055285012745401e+06
	 0.0000000000000000e+00 	 0.0000000000000000e+00 	 6.5122508977776356e+09 	 4.9127536387274331e+08 	 -1.1636419712351376e+08 	 0.0000000000000000e+00
	 0.0000000000000000e+00 	 0.0000000000000000e+00 	 4.9127536387275898e+08 	 1.0685346040390341e+09 	 -2.4209409730630785e+07 	 0.0000000000000000e+00
	 0.0000000000000000e+00 	 0.0000000000000000e+00 	 -1.1636419712351532e+08 	 -2.4209409730632447e+07 	 2.6276027190832454e+08 	 0.0000000000000000e+00
	 3.3061627152432636e+06 	 6.2055285012611356e+06 	 0.0000000000000000e+00 	 0.0000000000000000e+00 	 0.0000000000000000e+00 	 1.6731801963539768e+07

