 ------- BEAMDYN V1.00.* INDIVIDUAL BLADE INPUT FILE --------------------------
 Test Format 1
 ---------------------- BLADE PARAMETERS --------------------------------------
30   station_total    - Number of blade input stations (-)
 1   damp_type        - Damping type: 0: no damping; 1: damped
  ---------------------- DAMPING COEFFICIENT------------------------------------
   mu1        mu2        mu3        mu4        mu5        mu6
   (-)        (-)        (-)        (-)        (-)        (-)
0.00257593 0.0017469  0.0017469  0.0017469  0.00257593 0.0017469
 ---------------------- DISTRIBUTED PROPERTIES---------------------------------
	 0.000000 
	 4.7038567994411316e+09 	 -5.9147604187303104e+03 	 0.0000000000000000e+00 	 0.0000000000000000e+00 	 0.0000000000000000e+00 	 4.3983960341867496e+03
	 -5.9147602503686949e+03 	 4.7038588669936695e+09 	 0.0000000000000000e+00 	 0.0000000000000000e+00 	 0.0000000000000000e+00 	 -9.8228637977127764e+03
	 0.0000000000000000e+00 	 0.0000000000000000e+00 	 3.2143139912928719e+10 	 -3.0144831631461999e+04 	 6.7116198202221305e+04 	 0.0000000000000000e+00
	 0.0000000000000000e+00 	 0.0000000000000000e+00 	 -3.0144831100278156e+04 	 7.8381035651309464e+10 	 9.8616702178221632e+04 	 0.0000000000000000e+00
	 0.0000000000000000e+00 	 0.0000000000000000e+00 	 6.7116198240133745e+04 	 9.8616702518060498e+04 	 7.8381000659173447e+10 	 0.0000000000000000e+00
	 4.3983960330429018e+03 	 -9.8228637974964076e+03 	 0.0000000000000000e+00 	 0.0000000000000000e+00 	 0.0000000000000000e+00 	 4.5851261658486740e+10

	 2.2243197254359347e+03 	 0.0000000000000000e+00 	 0.0000000000000000e+00 	 0.0000000000000000e+00 	 0.0000000000000000e+00 	 2.0858711335230290e-03
	 0.0000000000000000e+00 	 2.2243197254359347e+03 	 0.0000000000000000e+00 	 0.0000000000000000e+00 	 0.0000000000000000e+00 	 -4.6444398627981031e-03
	 0.0000000000000000e+00 	 0.0000000000000000e+00 	 2.2243197254359347e+03 	 -2.0858711335230290e-03 	 4.6444398627981031e-03 	 0.0000000000000000e+00
	 0.0000000000000000e+00 	 0.0000000000000000e+00 	 -2.0858711335230290e-03 	 5.4252631562057959e+03 	 6.8251156603117103e-03 	 0.0000000000000000e+00
	 0.0000000000000000e+00 	 0.0000000000000000e+00 	 4.6444398627981031e-03 	 6.8251156603117103e-03 	 5.4252607367321843e+03 	 0.0000000000000000e+00
	 2.0858711335230290e-03 	 -4.6444398627981031e-03 	 0.0000000000000000e+00 	 0.0000000000000000e+00 	 0.0000000000000000e+00 	 1.0850523892937983e+04

	 0.034483 
	 3.5605927965656438e+09 	 -2.7673381390354164e+07 	 0.0000000000000000e+00 	 0.0000000000000000e+00 	 0.0000000000000000e+00 	 6.2996604326791428e+07
	 -2.7673381391074155e+07 	 3.8892568118864980e+09 	 0.0000000000000000e+00 	 0.0000000000000000e+00 	 0.0000000000000000e+00 	 3.1673652113662749e+06
	 0.0000000000000000e+00 	 0.0000000000000000e+00 	 2.8046879310461567e+10 	 -5.7010195706506550e+08 	 4.2576133643688911e+08 	 0.0000000000000000e+00
	 0.0000000000000000e+00 	 0.0000000000000000e+00 	 -5.7010195706528842e+08 	 6.2558184388656281e+10 	 -3.7032846594543614e+09 	 0.0000000000000000e+00
	 0.0000000000000000e+00 	 0.0000000000000000e+00 	 4.2576133643656170e+08 	 -3.7032846594545631e+09 	 6.7805275830763344e+10 	 0.0000000000000000e+00
	 6.2996604326782823e+07 	 3.1673652113868175e+06 	 0.0000000000000000e+00 	 0.0000000000000000e+00 	 0.0000000000000000e+00 	 3.4785250510929451e+10

	 1.7830190533053433e+03 	 0.0000000000000000e+00 	 0.0000000000000000e+00 	 0.0000000000000000e+00 	 0.0000000000000000e+00 	 2.6901032266817293e+01
	 0.0000000000000000e+00 	 1.7830190533053433e+03 	 0.0000000000000000e+00 	 0.0000000000000000e+00 	 0.0000000000000000e+00 	 8.8502304055301473e-01
	 0.0000000000000000e+00 	 0.0000000000000000e+00 	 1.7830190533053433e+03 	 -2.6901032266817293e+01 	 -8.8502304055301473e-01 	 0.0000000000000000e+00
	 0.0000000000000000e+00 	 0.0000000000000000e+00 	 -2.6901032266817293e+01 	 4.2533068499458159e+03 	 -3.8207618379952358e+01 	 0.0000000000000000e+00
	 0.0000000000000000e+00 	 0.0000000000000000e+00 	 -8.8502304055301473e-01 	 -3.8207618379952358e+01 	 4.0616927947138206e+03 	 0.0000000000000000e+00
	 2.6901032266817293e+01 	 8.8502304055301473e-01 	 0.0000000000000000e+00 	 0.0000000000000000e+00 	 0.0000000000000000e+00 	 8.3149996446596106e+03

	 0.068966 
	 2.4364863818586826e+09 	 -3.2567154123499829e+07 	 0.0000000000000000e+00 	 0.0000000000000000e+00 	 0.0000000000000000e+00 	 3.7178430397293746e+07
	 -3.2567154123772591e+07 	 3.2211473428762136e+09 	 0.0000000000000000e+00 	 0.0000000000000000e+00 	 0.0000000000000000e+00 	 4.9966842274926789e+07
	 0.0000000000000000e+00 	 0.0000000000000000e+00 	 2.4432567951991241e+10 	 1.7808613841800351e+09 	 -1.9070356542273727e+08 	 0.0000000000000000e+00
	 0.0000000000000000e+00 	 0.0000000000000000e+00 	 1.7808613841796758e+09 	 5.2368876652391411e+10 	 -4.6006184849467344e+09 	 0.0000000000000000e+00
	 0.0000000000000000e+00 	 0.0000000000000000e+00 	 -1.9070356542264953e+08 	 -4.6006184849464731e+09 	 4.8406515261565071e+10 	 0.0000000000000000e+00
	 3.7178430397284068e+07 	 4.9966842274886914e+07 	 0.0000000000000000e+00 	 0.0000000000000000e+00 	 0.0000000000000000e+00 	 2.3314889792550861e+10

	 1.4398898937248098e+03 	 0.0000000000000000e+00 	 0.0000000000000000e+00 	 0.0000000000000000e+00 	 0.0000000000000000e+00 	 -6.8637208163611078e+01
	 0.0000000000000000e+00 	 1.4398898937248098e+03 	 0.0000000000000000e+00 	 0.0000000000000000e+00 	 0.0000000000000000e+00 	 5.9272962579293962e+00
	 0.0000000000000000e+00 	 0.0000000000000000e+00 	 1.4398898937248098e+03 	 6.8637208163611078e+01 	 -5.9272962579293962e+00 	 0.0000000000000000e+00
	 0.0000000000000000e+00 	 0.0000000000000000e+00 	 6.8637208163611078e+01 	 3.4340403053774025e+03 	 -4.7713807154496401e+01 	 0.0000000000000000e+00
	 0.0000000000000000e+00 	 0.0000000000000000e+00 	 -5.9272962579293962e+00 	 -4.7713807154496401e+01 	 2.5943876067836077e+03 	 0.0000000000000000e+00
	 -6.8637208163611078e+01 	 5.9272962579293962e+00 	 0.0000000000000000e+00 	 0.0000000000000000e+00 	 0.0000000000000000e+00 	 6.0284279121610152e+03

	 0.103448 
	 1.9791385494600937e+09 	 1.2682494523117362e+08 	 0.0000000000000000e+00 	 0.0000000000000000e+00 	 0.0000000000000000e+00 	 4.8922737272188914e+08
	 1.2682494523065943e+08 	 2.6485800806066928e+09 	 0.0000000000000000e+00 	 0.0000000000000000e+00 	 0.0000000000000000e+00 	 1.9894392373300490e+08
	 0.0000000000000000e+00 	 0.0000000000000000e+00 	 2.1829494255946644e+10 	 -2.0658743985377715e+09 	 -1.5410851809102383e+09 	 0.0000000000000000e+00
	 0.0000000000000000e+00 	 0.0000000000000000e+00 	 -2.0658743985379906e+09 	 4.5249228588908821e+10 	 -3.7151857903862100e+09 	 0.0000000000000000e+00
	 0.0000000000000000e+00 	 0.0000000000000000e+00 	 -1.5410851809099410e+09 	 -3.7151857903861799e+09 	 3.5793249523267479e+10 	 0.0000000000000000e+00
	 4.8922737272186905e+08 	 1.9894392373311916e+08 	 0.0000000000000000e+00 	 0.0000000000000000e+00 	 0.0000000000000000e+00 	 1.5481750519808588e+10

	 1.2638759123906580e+03 	 0.0000000000000000e+00 	 0.0000000000000000e+00 	 0.0000000000000000e+00 	 0.0000000000000000e+00 	 2.4529877657421807e+01
	 0.0000000000000000e+00 	 1.2638759123906580e+03 	 0.0000000000000000e+00 	 0.0000000000000000e+00 	 0.0000000000000000e+00 	 3.4130063584971957e+01
	 0.0000000000000000e+00 	 0.0000000000000000e+00 	 1.2638759123906580e+03 	 -2.4529877657421807e+01 	 -3.4130063584971957e+01 	 0.0000000000000000e+00
	 0.0000000000000000e+00 	 0.0000000000000000e+00 	 -2.4529877657421807e+01 	 2.8258242742906191e+03 	 -6.6390786191435325e+01 	 0.0000000000000000e+00
	 0.0000000000000000e+00 	 0.0000000000000000e+00 	 -3.4130063584971957e+01 	 -6.6390786191435325e+01 	 1.7537534886135390e+03 	 0.0000000000000000e+00
	 2.4529877657421807e+01 	 3.4130063584971957e+01 	 0.0000000000000000e+00 	 0.0000000000000000e+00 	 0.0000000000000000e+00 	 4.5795777629041604e+03

	 0.137931 
	 1.2868239812160938e+09 	 1.0755031465044698e+08 	 0.0000000000000000e+00 	 0.0000000000000000e+00 	 0.0000000000000000e+00 	 5.4160246960989499e+08
	 1.0755031465046582e+08 	 2.0744480956695881e+09 	 0.0000000000000000e+00 	 0.0000000000000000e+00 	 0.0000000000000000e+00 	 1.7293471537532076e+08
	 0.0000000000000000e+00 	 0.0000000000000000e+00 	 1.9319208570513996e+10 	 -2.9118517059102526e+09 	 -1.4232140015262256e+09 	 0.0000000000000000e+00
	 0.0000000000000000e+00 	 0.0000000000000000e+00 	 -2.9118517059103169e+09 	 3.5868613912692749e+10 	 -2.9626417423658738e+09 	 0.0000000000000000e+00
	 0.0000000000000000e+00 	 0.0000000000000000e+00 	 -1.4232140015262315e+09 	 -2.9626417423658848e+09 	 2.5241159380395531e+10 	 0.0000000000000000e+00
	 5.4160246960978675e+08 	 1.7293471537534878e+08 	 0.0000000000000000e+00 	 0.0000000000000000e+00 	 0.0000000000000000e+00 	 9.0161509777388783e+09

	 9.8969875304487414e+02 	 0.0000000000000000e+00 	 0.0000000000000000e+00 	 0.0000000000000000e+00 	 0.0000000000000000e+00 	 1.7328506176308249e+01
	 0.0000000000000000e+00 	 9.8969875304487414e+02 	 0.0000000000000000e+00 	 0.0000000000000000e+00 	 0.0000000000000000e+00 	 2.3891266518384331e+01
	 0.0000000000000000e+00 	 0.0000000000000000e+00 	 9.8969875304487414e+02 	 -1.7328506176308249e+01 	 -2.3891266518384331e+01 	 0.0000000000000000e+00
	 0.0000000000000000e+00 	 0.0000000000000000e+00 	 -1.7328506176308249e+01 	 2.1323749538099414e+03 	 -5.4354331325023402e+01 	 0.0000000000000000e+00
	 0.0000000000000000e+00 	 0.0000000000000000e+00 	 -2.3891266518384331e+01 	 -5.4354331325023402e+01 	 1.0107093782991004e+03 	 0.0000000000000000e+00
	 1.7328506176308249e+01 	 2.3891266518384331e+01 	 0.0000000000000000e+00 	 0.0000000000000000e+00 	 0.0000000000000000e+00 	 3.1430843321090479e+03

	 0.172414 
	 8.3809223275298440e+08 	 8.5849990516571060e+07 	 0.0000000000000000e+00 	 0.0000000000000000e+00 	 0.0000000000000000e+00 	 5.3375324448490512e+08
	 8.5849990516603768e+07 	 1.6494406354282987e+09 	 0.0000000000000000e+00 	 0.0000000000000000e+00 	 0.0000000000000000e+00 	 1.4090563347459933e+08
	 0.0000000000000000e+00 	 0.0000000000000000e+00 	 1.7941708495378365e+10 	 -3.7826526620490441e+09 	 -1.1986600146186616e+09 	 0.0000000000000000e+00
	 0.0000000000000000e+00 	 0.0000000000000000e+00 	 -3.7826526620488701e+09 	 2.9754294978191616e+10 	 -1.9461851617271500e+09 	 0.0000000000000000e+00
	 0.0000000000000000e+00 	 0.0000000000000000e+00 	 -1.1986600146187453e+09 	 -1.9461851617270887e+09 	 1.7522577033900204e+10 	 0.0000000000000000e+00
	 5.3375324448492247e+08 	 1.4090563347453663e+08 	 0.0000000000000000e+00 	 0.0000000000000000e+00 	 0.0000000000000000e+00 	 5.0290052120420427e+09

	 8.0983540772402762e+02 	 0.0000000000000000e+00 	 0.0000000000000000e+00 	 0.0000000000000000e+00 	 0.0000000000000000e+00 	 1.4651812378554890e+01
	 0.0000000000000000e+00 	 8.0983540772402762e+02 	 0.0000000000000000e+00 	 0.0000000000000000e+00 	 0.0000000000000000e+00 	 2.0483033383303386e+01
	 0.0000000000000000e+00 	 0.0000000000000000e+00 	 8.0983540772402762e+02 	 -1.4651812378554890e+01 	 -2.0483033383303386e+01 	 0.0000000000000000e+00
	 0.0000000000000000e+00 	 0.0000000000000000e+00 	 -1.4651812378554890e+01 	 1.6760275613803863e+03 	 -4.3667629661078792e+01 	 0.0000000000000000e+00
	 0.0000000000000000e+00 	 0.0000000000000000e+00 	 -2.0483033383303386e+01 	 -4.3667629661078792e+01 	 5.7164265493893708e+02 	 0.0000000000000000e+00
	 1.4651812378554890e+01 	 2.0483033383303386e+01 	 0.0000000000000000e+00 	 0.0000000000000000e+00 	 0.0000000000000000e+00 	 2.2476702163193281e+03

	 0.206897 
	 6.1783320539262056e+08 	 5.9920257058030382e+07 	 0.0000000000000000e+00 	 0.0000000000000000e+00 	 0.0000000000000000e+00 	 4.4558877199675781e+08
	 5.9920257057809226e+07 	 1.3021304259289017e+09 	 0.0000000000000000e+00 	 0.0000000000000000e+00 	 0.0000000000000000e+00 	 1.0961911242534673e+08
	 0.0000000000000000e+00 	 0.0000000000000000e+00 	 1.7207120712867935e+10 	 -3.9436614543593421e+09 	 -1.0768234356893587e+09 	 0.0000000000000000e+00
	 0.0000000000000000e+00 	 0.0000000000000000e+00 	 -3.9436614543587489e+09 	 2.6135765195177059e+10 	 -1.1708883651318405e+09 	 0.0000000000000000e+00
	 0.0000000000000000e+00 	 0.0000000000000000e+00 	 -1.0768234356893990e+09 	 -1.1708883651314116e+09 	 1.4070897195796751e+10 	 0.0000000000000000e+00
	 4.4558877199679619e+08 	 1.0961911242544068e+08 	 0.0000000000000000e+00 	 0.0000000000000000e+00 	 0.0000000000000000e+00 	 3.2416879895029736e+09

	 6.9297650736556136e+02 	 0.0000000000000000e+00 	 0.0000000000000000e+00 	 0.0000000000000000e+00 	 0.0000000000000000e+00 	 -5.8105389073118845e+00
	 0.0000000000000000e+00 	 6.9297650736556136e+02 	 0.0000000000000000e+00 	 0.0000000000000000e+00 	 0.0000000000000000e+00 	 1.9222720630673962e+01
	 0.0000000000000000e+00 	 0.0000000000000000e+00 	 6.9297650736556136e+02 	 5.8105389073118845e+00 	 -1.9222720630673962e+01 	 0.0000000000000000e+00
	 0.0000000000000000e+00 	 0.0000000000000000e+00 	 5.8105389073118845e+00 	 1.4038239671219631e+03 	 -3.3238401685700381e+01 	 0.0000000000000000e+00
	 0.0000000000000000e+00 	 0.0000000000000000e+00 	 -1.9222720630673962e+01 	 -3.3238401685700381e+01 	 3.8816479428592936e+02 	 0.0000000000000000e+00
	 -5.8105389073118845e+00 	 1.9222720630673962e+01 	 0.0000000000000000e+00 	 0.0000000000000000e+00 	 0.0000000000000000e+00 	 1.7919887614078957e+03

	 0.241379 
	 4.7741583742630070e+08 	 3.6839894425585940e+07 	 0.0000000000000000e+00 	 0.0000000000000000e+00 	 0.0000000000000000e+00 	 3.5937742621096987e+08
	 3.6839894425446533e+07 	 1.0310301254384437e+09 	 0.0000000000000000e+00 	 0.0000000000000000e+00 	 0.0000000000000000e+00 	 8.3461917287384674e+07
	 0.0000000000000000e+00 	 0.0000000000000000e+00 	 1.6670265762999451e+10 	 -3.8443940291182561e+09 	 -9.7133475374824381e+08 	 0.0000000000000000e+00
	 0.0000000000000000e+00 	 0.0000000000000000e+00 	 -3.8443940291182299e+09 	 2.3524032856074963e+10 	 -5.4204477761179423e+08 	 0.0000000000000000e+00
	 0.0000000000000000e+00 	 0.0000000000000000e+00 	 -9.7133475374803710e+08 	 -5.4204477761166680e+08 	 1.1590262261812162e+10 	 0.0000000000000000e+00
	 3.5937742621093905e+08 	 8.3461917287524343e+07 	 0.0000000000000000e+00 	 0.0000000000000000e+00 	 0.0000000000000000e+00 	 2.1799072953459454e+09

	 6.0779715314638975e+02 	 0.0000000000000000e+00 	 0.0000000000000000e+00 	 0.0000000000000000e+00 	 0.0000000000000000e+00 	 -2.7296713237982253e+01
	 0.0000000000000000e+00 	 6.0779715314638975e+02 	 0.0000000000000000e+00 	 0.0000000000000000e+00 	 0.0000000000000000e+00 	 1.8724630108480500e+01
	 0.0000000000000000e+00 	 0.0000000000000000e+00 	 6.0779715314638975e+02 	 2.7296713237982253e+01 	 -1.8724630108480500e+01 	 0.0000000000000000e+00
	 0.0000000000000000e+00 	 0.0000000000000000e+00 	 2.7296713237982253e+01 	 1.2169244723163158e+03 	 -2.4493499855747174e+01 	 0.0000000000000000e+00
	 0.0000000000000000e+00 	 0.0000000000000000e+00 	 -1.8724630108480500e+01 	 -2.4493499855747174e+01 	 2.7896653448257820e+02 	 0.0000000000000000e+00
	 -2.7296713237982253e+01 	 1.8724630108480500e+01 	 0.0000000000000000e+00 	 0.0000000000000000e+00 	 0.0000000000000000e+00 	 1.4958910067988904e+03

	 0.275862 
	 3.7216974394542223e+08 	 2.1383769746344637e+07 	 0.0000000000000000e+00 	 0.0000000000000000e+00 	 0.0000000000000000e+00 	 2.8792105616158915e+08
	 2.1383769746396501e+07 	 8.2408040781065905e+08 	 0.0000000000000000e+00 	 0.0000000000000000e+00 	 0.0000000000000000e+00 	 6.6902128561561488e+07
	 0.0000000000000000e+00 	 0.0000000000000000e+00 	 1.6155165949239784e+10 	 -3.2912020198655190e+09 	 -8.2068708259849775e+08 	 0.0000000000000000e+00
	 0.0000000000000000e+00 	 0.0000000000000000e+00 	 -3.2912020198656840e+09 	 2.2022470560571262e+10 	 -2.5689555826275760e+08 	 0.0000000000000000e+00
	 0.0000000000000000e+00 	 0.0000000000000000e+00 	 -8.2068708259853053e+08 	 -2.5689555826270378e+08 	 9.1505861600533543e+09 	 0.0000000000000000e+00
	 2.8792105616155702e+08 	 6.6902128561596282e+07 	 0.0000000000000000e+00 	 0.0000000000000000e+00 	 0.0000000000000000e+00 	 1.4573554240379181e+09

	 5.4519900879640920e+02 	 0.0000000000000000e+00 	 0.0000000000000000e+00 	 0.0000000000000000e+00 	 0.0000000000000000e+00 	 -5.5070442926416177e+01
	 0.0000000000000000e+00 	 5.4519900879640920e+02 	 0.0000000000000000e+00 	 0.0000000000000000e+00 	 0.0000000000000000e+00 	 1.7880461132679407e+01
	 0.0000000000000000e+00 	 0.0000000000000000e+00 	 5.4519900879640920e+02 	 5.5070442926416177e+01 	 -1.7880461132679407e+01 	 0.0000000000000000e+00
	 0.0000000000000000e+00 	 0.0000000000000000e+00 	 5.5070442926416177e+01 	 1.1017821899931444e+03 	 -2.1160613576172246e+01 	 0.0000000000000000e+00
	 0.0000000000000000e+00 	 0.0000000000000000e+00 	 -1.7880461132679407e+01 	 -2.1160613576172246e+01 	 1.9865916497533877e+02 	 0.0000000000000000e+00
	 -5.5070442926416177e+01 	 1.7880461132679407e+01 	 0.0000000000000000e+00 	 0.0000000000000000e+00 	 0.0000000000000000e+00 	 1.3004413549684787e+03

	 0.310345 
	 3.0891209482216781e+08 	 1.6647714593233798e+07 	 0.0000000000000000e+00 	 0.0000000000000000e+00 	 0.0000000000000000e+00 	 2.3715526760160604e+08
	 1.6647714593286341e+07 	 6.7850367139851081e+08 	 0.0000000000000000e+00 	 0.0000000000000000e+00 	 0.0000000000000000e+00 	 5.5637559527733587e+07
	 0.0000000000000000e+00 	 0.0000000000000000e+00 	 1.5429125056529146e+10 	 -3.0202230169764962e+09 	 -6.5600514813574100e+08 	 0.0000000000000000e+00
	 0.0000000000000000e+00 	 0.0000000000000000e+00 	 -3.0202230169767628e+09 	 1.9848563385460983e+10 	 -2.4498264496809903e+08 	 0.0000000000000000e+00
	 0.0000000000000000e+00 	 0.0000000000000000e+00 	 -6.5600514813574302e+08 	 -2.4498264496810287e+08 	 7.4828210476393824e+09 	 0.0000000000000000e+00
	 2.3715526760162890e+08 	 5.5637559527681246e+07 	 0.0000000000000000e+00 	 0.0000000000000000e+00 	 0.0000000000000000e+00 	 1.0539511212628287e+09

	 4.9259270969896960e+02 	 0.0000000000000000e+00 	 0.0000000000000000e+00 	 0.0000000000000000e+00 	 0.0000000000000000e+00 	 -6.0911746719977884e+01
	 0.0000000000000000e+00 	 4.9259270969896960e+02 	 0.0000000000000000e+00 	 0.0000000000000000e+00 	 0.0000000000000000e+00 	 1.5984312913593660e+01
	 0.0000000000000000e+00 	 0.0000000000000000e+00 	 4.9259270969896960e+02 	 6.0911746719977884e+01 	 -1.5984312913593660e+01 	 0.0000000000000000e+00
	 0.0000000000000000e+00 	 0.0000000000000000e+00 	 6.0911746719977884e+01 	 9.8242177601470564e+02 	 -2.0304512202708175e+01 	 0.0000000000000000e+00
	 0.0000000000000000e+00 	 0.0000000000000000e+00 	 -1.5984312913593660e+01 	 -2.0304512202708175e+01 	 1.5163679416909352e+02 	 0.0000000000000000e+00
	 -6.0911746719977884e+01 	 1.5984312913593660e+01 	 0.0000000000000000e+00 	 0.0000000000000000e+00 	 0.0000000000000000e+00 	 1.1340585701837927e+03

	 0.344828 
	 2.8075361231462675e+08 	 1.2667502920463907e+07 	 0.0000000000000000e+00 	 0.0000000000000000e+00 	 0.0000000000000000e+00 	 2.0581669474829075e+08
	 1.2667502920312675e+07 	 5.9465686370890319e+08 	 0.0000000000000000e+00 	 0.0000000000000000e+00 	 0.0000000000000000e+00 	 4.8263154958807819e+07
	 0.0000000000000000e+00 	 0.0000000000000000e+00 	 1.4999164615172543e+10 	 -2.1452345154327679e+09 	 -5.0268453017713809e+08 	 0.0000000000000000e+00
	 0.0000000000000000e+00 	 0.0000000000000000e+00 	 -2.1452345154324708e+09 	 1.9653178820318680e+10 	 -2.8184080357189745e+08 	 0.0000000000000000e+00
	 0.0000000000000000e+00 	 0.0000000000000000e+00 	 -5.0268453017725527e+08 	 -2.8184080357175648e+08 	 6.7443922839872131e+09 	 0.0000000000000000e+00
	 2.0581669474830404e+08 	 4.8263154958909832e+07 	 0.0000000000000000e+00 	 0.0000000000000000e+00 	 0.0000000000000000e+00 	 8.8107153389051914e+08

	 4.6994176563620533e+02 	 0.0000000000000000e+00 	 0.0000000000000000e+00 	 0.0000000000000000e+00 	 0.0000000000000000e+00 	 -8.8285444794286789e+01
	 0.0000000000000000e+00 	 4.6994176563620533e+02 	 0.0000000000000000e+00 	 0.0000000000000000e+00 	 0.0000000000000000e+00 	 1.3302511981264569e+01
	 0.0000000000000000e+00 	 0.0000000000000000e+00 	 4.6994176563620533e+02 	 8.8285444794286789e+01 	 -1.3302511981264569e+01 	 0.0000000000000000e+00
	 0.0000000000000000e+00 	 0.0000000000000000e+00 	 8.8285444794286789e+01 	 9.6885578193494553e+02 	 -2.0306904713963874e+01 	 0.0000000000000000e+00
	 0.0000000000000000e+00 	 0.0000000000000000e+00 	 -1.3302511981264569e+01 	 -2.0306904713963874e+01 	 1.3271572505826057e+02 	 0.0000000000000000e+00
	 -8.8285444794286789e+01 	 1.3302511981264569e+01 	 0.0000000000000000e+00 	 0.0000000000000000e+00 	 0.0000000000000000e+00 	 1.1015715069932094e+03

	 0.379310 
	 2.5789764673695019e+08 	 1.1818838143052906e+07 	 0.0000000000000000e+00 	 0.0000000000000000e+00 	 0.0000000000000000e+00 	 1.8152311743523046e+08
	 1.1818838142943781e+07 	 5.4937426814744210e+08 	 0.0000000000000000e+00 	 0.0000000000000000e+00 	 0.0000000000000000e+00 	 4.0980699547760487e+07
	 0.0000000000000000e+00 	 0.0000000000000000e+00 	 1.4074025092929358e+10 	 -2.1862173960075998e+09 	 -3.5906837081738669e+08 	 0.0000000000000000e+00
	 0.0000000000000000e+00 	 0.0000000000000000e+00 	 -2.1862173960071120e+09 	 1.6963114906587210e+10 	 -2.8681557319758892e+08 	 0.0000000000000000e+00
	 0.0000000000000000e+00 	 0.0000000000000000e+00 	 -3.5906837081743282e+08 	 -2.8681557319767553e+08 	 5.9026261058949509e+09 	 0.0000000000000000e+00
	 1.8152311743511841e+08 	 4.0980699547843426e+07 	 0.0000000000000000e+00 	 0.0000000000000000e+00 	 0.0000000000000000e+00 	 7.5037264993276811e+08

	 4.3464934350217931e+02 	 0.0000000000000000e+00 	 0.0000000000000000e+00 	 0.0000000000000000e+00 	 0.0000000000000000e+00 	 -7.3131942196237475e+01
	 0.0000000000000000e+00 	 4.3464934350217931e+02 	 0.0000000000000000e+00 	 0.0000000000000000e+00 	 0.0000000000000000e+00 	 1.0607156576575717e+01
	 0.0000000000000000e+00 	 0.0000000000000000e+00 	 4.3464934350217931e+02 	 7.3131942196237475e+01 	 -1.0607156576575717e+01 	 0.0000000000000000e+00
	 0.0000000000000000e+00 	 0.0000000000000000e+00 	 7.3131942196237475e+01 	 8.4709982534523101e+02 	 -1.9046322394772663e+01 	 0.0000000000000000e+00
	 0.0000000000000000e+00 	 0.0000000000000000e+00 	 -1.0607156576575717e+01 	 -1.9046322394772663e+01 	 1.1481976279302806e+02 	 0.0000000000000000e+00
	 -7.3131942196237475e+01 	 1.0607156576575717e+01 	 0.0000000000000000e+00 	 0.0000000000000000e+00 	 0.0000000000000000e+00 	 9.6191958813825943e+02

	 0.413793 
	 2.3829707598564082e+08 	 1.0203960234919798e+07 	 0.0000000000000000e+00 	 0.0000000000000000e+00 	 0.0000000000000000e+00 	 1.6054311805558419e+08
	 1.0203960234932439e+07 	 5.3282142250595796e+08 	 0.0000000000000000e+00 	 0.0000000000000000e+00 	 0.0000000000000000e+00 	 3.6527308056189708e+07
	 0.0000000000000000e+00 	 0.0000000000000000e+00 	 1.3384114662373325e+10 	 -1.6176369470602574e+09 	 -2.3856788712282857e+08 	 0.0000000000000000e+00
	 0.0000000000000000e+00 	 0.0000000000000000e+00 	 -1.6176369470596411e+09 	 1.5807849566939480e+10 	 -3.0134724272669667e+08 	 0.0000000000000000e+00
	 0.0000000000000000e+00 	 0.0000000000000000e+00 	 -2.3856788712274042e+08 	 -3.0134724272680759e+08 	 5.1020401448406687e+09 	 0.0000000000000000e+00
	 1.6054311805554965e+08 	 3.6527308056035735e+07 	 0.0000000000000000e+00 	 0.0000000000000000e+00 	 0.0000000000000000e+00 	 6.5534034859948921e+08

	 4.1538563808986561e+02 	 0.0000000000000000e+00 	 0.0000000000000000e+00 	 0.0000000000000000e+00 	 0.0000000000000000e+00 	 -8.3214694418334815e+01
	 0.0000000000000000e+00 	 4.1538563808986561e+02 	 0.0000000000000000e+00 	 0.0000000000000000e+00 	 0.0000000000000000e+00 	 8.7359046059343086e+00
	 0.0000000000000000e+00 	 0.0000000000000000e+00 	 4.1538563808986561e+02 	 8.3214694418334815e+01 	 -8.7359046059343086e+00 	 0.0000000000000000e+00
	 0.0000000000000000e+00 	 0.0000000000000000e+00 	 8.3214694418334815e+01 	 7.9884177711065558e+02 	 -1.8781222196317955e+01 	 0.0000000000000000e+00
	 0.0000000000000000e+00 	 0.0000000000000000e+00 	 -8.7359046059343086e+00 	 -1.8781222196317955e+01 	 9.9658962456539086e+01 	 0.0000000000000000e+00
	 -8.3214694418334815e+01 	 8.7359046059343086e+00 	 0.0000000000000000e+00 	 0.0000000000000000e+00 	 0.0000000000000000e+00 	 8.9850073956719177e+02

	 0.448276 
	 2.1708969798470870e+08 	 8.1390913949318547e+06 	 0.0000000000000000e+00 	 0.0000000000000000e+00 	 0.0000000000000000e+00 	 1.3697639133360440e+08
	 8.1390913949379036e+06 	 5.1572209363206995e+08 	 0.0000000000000000e+00 	 0.0000000000000000e+00 	 0.0000000000000000e+00 	 3.2521956274646886e+07
	 0.0000000000000000e+00 	 0.0000000000000000e+00 	 1.2741127388845037e+10 	 -6.2348361341348612e+08 	 -1.5920422095575544e+08 	 0.0000000000000000e+00
	 0.0000000000000000e+00 	 0.0000000000000000e+00 	 -6.2348361341338646e+08 	 1.5185017992396900e+10 	 -2.9354263193744731e+08 	 0.0000000000000000e+00
	 0.0000000000000000e+00 	 0.0000000000000000e+00 	 -1.5920422095582974e+08 	 -2.9354263193748766e+08 	 4.2152344006559367e+09 	 0.0000000000000000e+00
	 1.3697639133357781e+08 	 3.2521956274619482e+07 	 0.0000000000000000e+00 	 0.0000000000000000e+00 	 0.0000000000000000e+00 	 5.4287747761286092e+08

	 3.9857256081180498e+02 	 0.0000000000000000e+00 	 0.0000000000000000e+00 	 0.0000000000000000e+00 	 0.0000000000000000e+00 	 -1.1800927273705068e+02
	 0.0000000000000000e+00 	 3.9857256081180498e+02 	 0.0000000000000000e+00 	 0.0000000000000000e+00 	 0.0000000000000000e+00 	 7.3224265039799015e+00
	 0.0000000000000000e+00 	 0.0000000000000000e+00 	 3.9857256081180498e+02 	 1.1800927273705068e+02 	 -7.3224265039799015e+00 	 0.0000000000000000e+00
	 0.0000000000000000e+00 	 0.0000000000000000e+00 	 1.1800927273705068e+02 	 7.6712444948547034e+02 	 -1.7965021380048629e+01 	 0.0000000000000000e+00
	 0.0000000000000000e+00 	 0.0000000000000000e+00 	 -7.3224265039799015e+00 	 -1.7965021380048629e+01 	 8.2102241898674748e+01 	 0.0000000000000000e+00
	 -1.1800927273705068e+02 	 7.3224265039799015e+00 	 0.0000000000000000e+00 	 0.0000000000000000e+00 	 0.0000000000000000e+00 	 8.4922669138414733e+02

	 0.482759 
	 1.9393655211877015e+08 	 5.5937893731116885e+06 	 0.0000000000000000e+00 	 0.0000000000000000e+00 	 0.0000000000000000e+00 	 1.1456140154026917e+08
	 5.5937893731886614e+06 	 5.0467174263623571e+08 	 0.0000000000000000e+00 	 0.0000000000000000e+00 	 0.0000000000000000e+00 	 2.8390209644275654e+07
	 0.0000000000000000e+00 	 0.0000000000000000e+00 	 1.1955625249086378e+10 	 -3.0314762066650724e+08 	 -1.2856197224124186e+08 	 0.0000000000000000e+00
	 0.0000000000000000e+00 	 0.0000000000000000e+00 	 -3.0314762066661912e+08 	 1.3303304470401030e+10 	 -2.2979511882685626e+08 	 0.0000000000000000e+00
	 0.0000000000000000e+00 	 0.0000000000000000e+00 	 -1.2856197224121530e+08 	 -2.2979511882681376e+08 	 3.4010020907597756e+09 	 0.0000000000000000e+00
	 1.1456140154030752e+08 	 2.8390209644190516e+07 	 0.0000000000000000e+00 	 0.0000000000000000e+00 	 0.0000000000000000e+00 	 4.4515125838365060e+08

	 3.7369747856910755e+02 	 0.0000000000000000e+00 	 0.0000000000000000e+00 	 0.0000000000000000e+00 	 0.0000000000000000e+00 	 -1.1776284953289037e+02
	 0.0000000000000000e+00 	 3.7369747856910755e+02 	 0.0000000000000000e+00 	 0.0000000000000000e+00 	 0.0000000000000000e+00 	 6.4330249657826357e+00
	 0.0000000000000000e+00 	 0.0000000000000000e+00 	 3.7369747856910755e+02 	 1.1776284953289037e+02 	 -6.4330249657826357e+00 	 0.0000000000000000e+00
	 0.0000000000000000e+00 	 0.0000000000000000e+00 	 1.1776284953289037e+02 	 6.7554199035501767e+02 	 -1.5678188422698339e+01 	 0.0000000000000000e+00
	 0.0000000000000000e+00 	 0.0000000000000000e+00 	 -6.4330249657826357e+00 	 -1.5678188422698339e+01 	 6.6253400763746370e+01 	 0.0000000000000000e+00
	 -1.1776284953289037e+02 	 6.4330249657826357e+00 	 0.0000000000000000e+00 	 0.0000000000000000e+00 	 0.0000000000000000e+00 	 7.4179539111876511e+02

	 0.517241 
	 1.7151518455052623e+08 	 5.1154548883326408e+06 	 0.0000000000000000e+00 	 0.0000000000000000e+00 	 0.0000000000000000e+00 	 9.3695471233910993e+07
	 5.1154548882573545e+06 	 4.8371767727595377e+08 	 0.0000000000000000e+00 	 0.0000000000000000e+00 	 0.0000000000000000e+00 	 2.5008803125450980e+07
	 0.0000000000000000e+00 	 0.0000000000000000e+00 	 1.1051779607595684e+10 	 -3.3567790428102607e+08 	 -1.5886483052690363e+08 	 0.0000000000000000e+00
	 0.0000000000000000e+00 	 0.0000000000000000e+00 	 -3.3567790428080499e+08 	 1.0773949970229424e+10 	 -1.6698173647747672e+08 	 0.0000000000000000e+00
	 0.0000000000000000e+00 	 0.0000000000000000e+00 	 -1.5886483052700499e+08 	 -1.6698173647743726e+08 	 2.7012101999065900e+09 	 0.0000000000000000e+00
	 9.3695471233908996e+07 	 2.5008803125493284e+07 	 0.0000000000000000e+00 	 0.0000000000000000e+00 	 0.0000000000000000e+00 	 3.5300707979956794e+08

	 3.3920302864501457e+02 	 0.0000000000000000e+00 	 0.0000000000000000e+00 	 0.0000000000000000e+00 	 0.0000000000000000e+00 	 -1.0008421006347179e+02
	 0.0000000000000000e+00 	 3.3920302864501457e+02 	 0.0000000000000000e+00 	 0.0000000000000000e+00 	 0.0000000000000000e+00 	 6.5431074781755960e+00
	 0.0000000000000000e+00 	 0.0000000000000000e+00 	 3.3920302864501457e+02 	 1.0008421006347179e+02 	 -6.5431074781755960e+00 	 0.0000000000000000e+00
	 0.0000000000000000e+00 	 0.0000000000000000e+00 	 1.0008421006347179e+02 	 5.3971950715389607e+02 	 -1.2412525823529940e+01 	 0.0000000000000000e+00
	 0.0000000000000000e+00 	 0.0000000000000000e+00 	 -6.5431074781755960e+00 	 -1.2412525823529940e+01 	 5.2159072171072438e+01 	 0.0000000000000000e+00
	 -1.0008421006347179e+02 	 6.5431074781755960e+00 	 0.0000000000000000e+00 	 0.0000000000000000e+00 	 0.0000000000000000e+00 	 5.9187857932496877e+02

	 0.551724 
	 1.4959551603948462e+08 	 5.4294091217066953e+06 	 0.0000000000000000e+00 	 0.0000000000000000e+00 	 0.0000000000000000e+00 	 7.6083254195525557e+07
	 5.4294091215985492e+06 	 4.5300618265361351e+08 	 0.0000000000000000e+00 	 0.0000000000000000e+00 	 0.0000000000000000e+00 	 2.0984213178848378e+07
	 0.0000000000000000e+00 	 0.0000000000000000e+00 	 1.0117346489682386e+10 	 -4.6476000464481562e+08 	 -1.9255802323647329e+08 	 0.0000000000000000e+00
	 0.0000000000000000e+00 	 0.0000000000000000e+00 	 -4.6476000464379519e+08 	 8.3075721774953852e+09 	 -1.0824339707575862e+08 	 0.0000000000000000e+00
	 0.0000000000000000e+00 	 0.0000000000000000e+00 	 -1.9255802323662177e+08 	 -1.0824339707587543e+08 	 2.1090272358575737e+09 	 0.0000000000000000e+00
	 7.6083254195559517e+07 	 2.0984213178746670e+07 	 0.0000000000000000e+00 	 0.0000000000000000e+00 	 0.0000000000000000e+00 	 2.7353863902780765e+08

	 3.0334232861859141e+02 	 0.0000000000000000e+00 	 0.0000000000000000e+00 	 0.0000000000000000e+00 	 0.0000000000000000e+00 	 -8.0066582090520583e+01
	 0.0000000000000000e+00 	 3.0334232861859141e+02 	 0.0000000000000000e+00 	 0.0000000000000000e+00 	 0.0000000000000000e+00 	 6.6096082417249002e+00
	 0.0000000000000000e+00 	 0.0000000000000000e+00 	 3.0334232861859141e+02 	 8.0066582090520583e+01 	 -6.6096082417249002e+00 	 0.0000000000000000e+00
	 0.0000000000000000e+00 	 0.0000000000000000e+00 	 8.0066582090520583e+01 	 4.1386839895989118e+02 	 -9.6293921297213476e+00 	 0.0000000000000000e+00
	 0.0000000000000000e+00 	 0.0000000000000000e+00 	 -6.6096082417249002e+00 	 -9.6293921297213476e+00 	 4.0151647640178098e+01 	 0.0000000000000000e+00
	 -8.0066582090520583e+01 	 6.6096082417249002e+00 	 0.0000000000000000e+00 	 0.0000000000000000e+00 	 0.0000000000000000e+00 	 4.5402004660006793e+02

	 0.586207 
	 1.2852988639655259e+08 	 4.9397390784524139e+06 	 0.0000000000000000e+00 	 0.0000000000000000e+00 	 0.0000000000000000e+00 	 6.0837463795128725e+07
	 4.9397390785616115e+06 	 4.1794402843311638e+08 	 0.0000000000000000e+00 	 0.0000000000000000e+00 	 0.0000000000000000e+00 	 1.8526313793502860e+07
	 0.0000000000000000e+00 	 0.0000000000000000e+00 	 9.2101178283280754e+09 	 -5.4052233458285165e+08 	 -2.1759892585601148e+08 	 0.0000000000000000e+00
	 0.0000000000000000e+00 	 0.0000000000000000e+00 	 -5.4052233458337045e+08 	 6.3689116969083872e+09 	 -5.7196009479103908e+07 	 0.0000000000000000e+00
	 0.0000000000000000e+00 	 0.0000000000000000e+00 	 -2.1759892585601261e+08 	 -5.7196009479221657e+07 	 1.6215212535508921e+09 	 0.0000000000000000e+00
	 6.0837463795126744e+07 	 1.8526313793352850e+07 	 0.0000000000000000e+00 	 0.0000000000000000e+00 	 0.0000000000000000e+00 	 2.0621883849835178e+08

	 2.6894872612811366e+02 	 0.0000000000000000e+00 	 0.0000000000000000e+00 	 0.0000000000000000e+00 	 0.0000000000000000e+00 	 -6.3929097796682726e+01
	 0.0000000000000000e+00 	 2.6894872612811366e+02 	 0.0000000000000000e+00 	 0.0000000000000000e+00 	 0.0000000000000000e+00 	 6.3949039585978182e+00
	 0.0000000000000000e+00 	 0.0000000000000000e+00 	 2.6894872612811366e+02 	 6.3929097796682726e+01 	 -6.3949039585978182e+00 	 0.0000000000000000e+00
	 0.0000000000000000e+00 	 0.0000000000000000e+00 	 6.3929097796682726e+01 	 3.1667194742389580e+02 	 -7.0766501744717605e+00 	 0.0000000000000000e+00
	 0.0000000000000000e+00 	 0.0000000000000000e+00 	 -6.3949039585978182e+00 	 -7.0766501744717605e+00 	 3.0293241598977783e+01 	 0.0000000000000000e+00
	 -6.3929097796682726e+01 	 6.3949039585978182e+00 	 0.0000000000000000e+00 	 0.0000000000000000e+00 	 0.0000000000000000e+00 	 3.4696518902287283e+02

	 0.620690 
	 1.0898271392763239e+08 	 4.0598711200596346e+06 	 0.0000000000000000e+00 	 0.0000000000000000e+00 	 0.0000000000000000e+00 	 4.7711852233948536e+07
	 4.0598711200751839e+06 	 3.7942977980026942e+08 	 0.0000000000000000e+00 	 0.0000000000000000e+00 	 0.0000000000000000e+00 	 1.7023893616830073e+07
	 0.0000000000000000e+00 	 0.0000000000000000e+00 	 8.3772864177097740e+09 	 -4.9388502477126396e+08 	 -2.3525251340725732e+08 	 0.0000000000000000e+00
	 0.0000000000000000e+00 	 0.0000000000000000e+00 	 -4.9388502477125251e+08 	 4.9515102396172876e+09 	 -2.0113918558894277e+07 	 0.0000000000000000e+00
	 0.0000000000000000e+00 	 0.0000000000000000e+00 	 -2.3525251340722945e+08 	 -2.0113918558879215e+07 	 1.2225651226979866e+09 	 0.0000000000000000e+00
	 4.7711852233963773e+07 	 1.7023893616840482e+07 	 0.0000000000000000e+00 	 0.0000000000000000e+00 	 0.0000000000000000e+00 	 1.5089111186046070e+08

	 2.3742806364800572e+02 	 0.0000000000000000e+00 	 0.0000000000000000e+00 	 0.0000000000000000e+00 	 0.0000000000000000e+00 	 -5.4121603195606156e+01
	 0.0000000000000000e+00 	 2.3742806364800572e+02 	 0.0000000000000000e+00 	 0.0000000000000000e+00 	 0.0000000000000000e+00 	 6.0484956249397444e+00
	 0.0000000000000000e+00 	 0.0000000000000000e+00 	 2.3742806364800572e+02 	 5.4121603195606156e+01 	 -6.0484956249397444e+00 	 0.0000000000000000e+00
	 0.0000000000000000e+00 	 0.0000000000000000e+00 	 5.4121603195606156e+01 	 2.4534077469069467e+02 	 -4.9973110571839490e+00 	 0.0000000000000000e+00
	 0.0000000000000000e+00 	 0.0000000000000000e+00 	 -6.0484956249397444e+00 	 -4.9973110571839490e+00 	 2.2273809979031967e+01 	 0.0000000000000000e+00
	 -5.4121603195606156e+01 	 6.0484956249397444e+00 	 0.0000000000000000e+00 	 0.0000000000000000e+00 	 0.0000000000000000e+00 	 2.6761458466972670e+02

	 0.655172 
	 9.2078048737224981e+07 	 2.6698438872054080e+06 	 0.0000000000000000e+00 	 0.0000000000000000e+00 	 0.0000000000000000e+00 	 3.6605612643953741e+07
	 2.6698438872080729e+06 	 3.3526084838568443e+08 	 0.0000000000000000e+00 	 0.0000000000000000e+00 	 0.0000000000000000e+00 	 1.6515001743593907e+07
	 0.0000000000000000e+00 	 0.0000000000000000e+00 	 7.7133255503477030e+09 	 -1.8918598953189805e+08 	 -2.4382117293656009e+08 	 0.0000000000000000e+00
	 0.0000000000000000e+00 	 0.0000000000000000e+00 	 -1.8918598953186625e+08 	 4.2518757027498198e+09 	 1.0536447837571953e+06 	 0.0000000000000000e+00
	 0.0000000000000000e+00 	 0.0000000000000000e+00 	 -2.4382117293653980e+08 	 1.0536447837457103e+06 	 9.0176219736695814e+08 	 0.0000000000000000e+00
	 3.6605612643951364e+07 	 1.6515001743562007e+07 	 0.0000000000000000e+00 	 0.0000000000000000e+00 	 0.0000000000000000e+00 	 1.0773175888998702e+08

	 2.1331685111283750e+02 	 0.0000000000000000e+00 	 0.0000000000000000e+00 	 0.0000000000000000e+00 	 0.0000000000000000e+00 	 -5.5098723301050484e+01
	 0.0000000000000000e+00 	 2.1331685111283750e+02 	 0.0000000000000000e+00 	 0.0000000000000000e+00 	 0.0000000000000000e+00 	 5.6358729300070207e+00
	 0.0000000000000000e+00 	 0.0000000000000000e+00 	 2.1331685111283750e+02 	 5.5098723301050484e+01 	 -5.6358729300070207e+00 	 0.0000000000000000e+00
	 0.0000000000000000e+00 	 0.0000000000000000e+00 	 5.5098723301050484e+01 	 2.0556846364844722e+02 	 -3.4838435553145222e+00 	 0.0000000000000000e+00
	 0.0000000000000000e+00 	 0.0000000000000000e+00 	 -5.6358729300070207e+00 	 -3.4838435553145222e+00 	 1.5948094469906152e+01 	 0.0000000000000000e+00
	 -5.5098723301050484e+01 	 5.6358729300070207e+00 	 0.0000000000000000e+00 	 0.0000000000000000e+00 	 0.0000000000000000e+00 	 2.2151655811835349e+02

	 0.689655 
	 7.7145686792463511e+07 	 3.0835483098143968e+06 	 0.0000000000000000e+00 	 0.0000000000000000e+00 	 0.0000000000000000e+00 	 2.8131697121017884e+07
	 3.0835483098094519e+06 	 2.9595050139709789e+08 	 0.0000000000000000e+00 	 0.0000000000000000e+00 	 0.0000000000000000e+00 	 1.2534642770305889e+07
	 0.0000000000000000e+00 	 0.0000000000000000e+00 	 6.7117232154350710e+09 	 -5.4717159687719274e+08 	 -2.3725163071993634e+08 	 0.0000000000000000e+00
	 0.0000000000000000e+00 	 0.0000000000000000e+00 	 -5.4717159687720978e+08 	 2.5573398435446825e+09 	 1.7651539008084480e+07 	 0.0000000000000000e+00
	 0.0000000000000000e+00 	 0.0000000000000000e+00 	 -2.3725163071992746e+08 	 1.7651539008074157e+07 	 6.4915062672887230e+08 	 0.0000000000000000e+00
	 2.8131697121016473e+07 	 1.2534642770301357e+07 	 0.0000000000000000e+00 	 0.0000000000000000e+00 	 0.0000000000000000e+00 	 7.4430396940316930e+07

	 7.586732408195838e+02 	     0.0000000000000000e+00 	 0.0000000000000000e+00 	 0.0000000000000000e+00 	 0.0000000000000000e+00 	 0.0000000000000000e+00
	 0.0000000000000000e+00 	 7.586732408195838e+02 	     0.0000000000000000e+00 	 0.0000000000000000e+00 	 0.0000000000000000e+00 	 0.0000000000000000e+00
	 0.0000000000000000e+00 	 0.0000000000000000e+00 	 7.586732408195838e+02 	     0.0000000000000000e+00 	 0.0000000000000000e+00 	 0.0000000000000000e+00
	 0.0000000000000000e+00 	 0.0000000000000000e+00 	 0.0000000000000000e+00 	 1.2330635049942600e+02 	 0.0000000000000000e+00 	 0.0000000000000000e+00
	 0.0000000000000000e+00 	 0.0000000000000000e+00 	 0.0000000000000000e+00 	 0.0000000000000000e+00 	 1.1097651716087013e+01 	 0.0000000000000000e+00
	 0.0000000000000000e+00 	 0.0000000000000000e+00 	 0.0000000000000000e+00 	 0.0000000000000000e+00 	 0.0000000000000000e+00 	 1.3440400221551332e+02

	 0.724138 
	 6.4501891182355605e+07 	 2.4702555048409374e+06 	 0.0000000000000000e+00 	 0.0000000000000000e+00 	 0.0000000000000000e+00 	 2.1137561396068152e+07
	 2.4702555048413761e+06 	 2.5627233118249124e+08 	 0.0000000000000000e+00 	 0.0000000000000000e+00 	 0.0000000000000000e+00 	 1.0495316783582851e+07
	 0.0000000000000000e+00 	 0.0000000000000000e+00 	 5.9426388777766342e+09 	 -5.2248806687378484e+08 	 -2.2268242110150918e+08 	 0.0000000000000000e+00
	 0.0000000000000000e+00 	 0.0000000000000000e+00 	 -5.2248806687375087e+08 	 1.7742482461154766e+09 	 2.3705541148436464e+07 	 0.0000000000000000e+00
	 0.0000000000000000e+00 	 0.0000000000000000e+00 	 -2.2268242110150412e+08 	 2.3705541148430914e+07 	 4.5473239589772135e+08 	 0.0000000000000000e+00
	 2.1137561396072540e+07 	 1.0495316783590352e+07 	 0.0000000000000000e+00 	 0.0000000000000000e+00 	 0.0000000000000000e+00 	 5.0095215061661035e+07

