 ------- BEAMDYN V1.00.* INDIVIDUAL BLADE INPUT FILE --------------------------
 Test Format 1
 ---------------------- BLADE PARAMETERS --------------------------------------
30   station_total    - Number of blade input stations (-)
 1   damp_type        - Damping type: 0: no damping; 1: damped
  ---------------------- DAMPING COEFFICIENT------------------------------------
   mu1        mu2        mu3        mu4        mu5        mu6
   (-)        (-)        (-)        (-)        (-)        (-)
 0.021955    0.012818    0.012818    0.012818    0.021955    0.012818  
  ---------------------- DISTRIBUTED PROPERTIES---------------------------------
	 0.000000 
	 4.6841746992720585e+09 	 -3.9129720882839749e+04 	 0.0000000000000000e+00 	 0.0000000000000000e+00 	 0.0000000000000000e+00 	 4.3796899826722547e+03
	 -3.9129721295812189e+04 	 4.6841515599020700e+09 	 0.0000000000000000e+00 	 0.0000000000000000e+00 	 0.0000000000000000e+00 	 -9.7819102648206190e+03
	 0.0000000000000000e+00 	 0.0000000000000000e+00 	 3.2008639524213593e+10 	 -3.0017181503627027e+04 	 6.6835756128584573e+04 	 0.0000000000000000e+00
	 0.0000000000000000e+00 	 0.0000000000000000e+00 	 -3.0017181197962662e+04 	 7.8064722164371994e+10 	 6.5242660733321926e+05 	 0.0000000000000000e+00
	 0.0000000000000000e+00 	 0.0000000000000000e+00 	 6.6835755445509698e+04 	 6.5242660790748615e+05 	 7.8065107520177963e+10 	 0.0000000000000000e+00
	 4.3796899821418274e+03 	 -9.7819102627535449e+03 	 0.0000000000000000e+00 	 0.0000000000000000e+00 	 0.0000000000000000e+00 	 4.5666428232770271e+10

	 2.2150706490230205e+03 	 0.0000000000000000e+00 	 0.0000000000000000e+00 	 0.0000000000000000e+00 	 0.0000000000000000e+00 	 2.0769882220077335e-03
	 0.0000000000000000e+00 	 2.2150706490230205e+03 	 0.0000000000000000e+00 	 0.0000000000000000e+00 	 0.0000000000000000e+00 	 -4.6252241388403774e-03
	 0.0000000000000000e+00 	 0.0000000000000000e+00 	 2.2150706490230205e+03 	 -2.0769882220077335e-03 	 4.6252241388403774e-03 	 0.0000000000000000e+00
	 0.0000000000000000e+00 	 0.0000000000000000e+00 	 -2.0769882220077335e-03 	 5.4035115514822182e+03 	 4.5154894785944998e-02 	 0.0000000000000000e+00
	 0.0000000000000000e+00 	 0.0000000000000000e+00 	 4.6252241388403774e-03 	 4.5154894785944998e-02 	 5.4035382234065401e+03 	 0.0000000000000000e+00
	 2.0769882220077335e-03 	 -4.6252241388403774e-03 	 0.0000000000000000e+00 	 0.0000000000000000e+00 	 0.0000000000000000e+00 	 1.0807049774888752e+04

	 0.034483 
	 3.4591793517663531e+09 	 -3.1788950801149227e+07 	 0.0000000000000000e+00 	 0.0000000000000000e+00 	 0.0000000000000000e+00 	 -2.1258042781580684e+08
	 -3.1788950801627845e+07 	 3.7928881157377272e+09 	 0.0000000000000000e+00 	 0.0000000000000000e+00 	 0.0000000000000000e+00 	 1.3428215766427189e+07
	 0.0000000000000000e+00 	 0.0000000000000000e+00 	 2.5901391319526039e+10 	 1.5877560122090995e+09 	 -4.7441183872812212e+07 	 0.0000000000000000e+00
	 0.0000000000000000e+00 	 0.0000000000000000e+00 	 1.5877560122085247e+09 	 6.0072073910592957e+10 	 -1.8488133136340368e+09 	 0.0000000000000000e+00
	 0.0000000000000000e+00 	 0.0000000000000000e+00 	 -4.7441183872526281e+07 	 -1.8488133136336610e+09 	 6.0652299188949120e+10 	 0.0000000000000000e+00
	 -2.1258042781578070e+08 	 1.3428215766394947e+07 	 0.0000000000000000e+00 	 0.0000000000000000e+00 	 0.0000000000000000e+00 	 3.3819920078080013e+10

	 1.7602199555154057e+03 	 0.0000000000000000e+00 	 0.0000000000000000e+00 	 0.0000000000000000e+00 	 0.0000000000000000e+00 	 -1.1073683213785442e+02
	 0.0000000000000000e+00 	 1.7602199555154057e+03 	 0.0000000000000000e+00 	 0.0000000000000000e+00 	 0.0000000000000000e+00 	 4.2230395369902736e+00
	 0.0000000000000000e+00 	 0.0000000000000000e+00 	 1.7602199555154057e+03 	 1.1073683213785442e+02 	 -4.2230395369902736e+00 	 0.0000000000000000e+00
	 0.0000000000000000e+00 	 0.0000000000000000e+00 	 1.1073683213785442e+02 	 4.1467386942078647e+03 	 -8.0649264232101885e+01 	 0.0000000000000000e+00
	 0.0000000000000000e+00 	 0.0000000000000000e+00 	 -4.2230395369902736e+00 	 -8.0649264232101885e+01 	 4.0658785169514731e+03 	 0.0000000000000000e+00
	 -1.1073683213785442e+02 	 4.2230395369902736e+00 	 0.0000000000000000e+00 	 0.0000000000000000e+00 	 0.0000000000000000e+00 	 8.2126172111593114e+03

	 0.068966 
	 2.2776380387741685e+09 	 -4.7812766859201908e+07 	 0.0000000000000000e+00 	 0.0000000000000000e+00 	 0.0000000000000000e+00 	 -2.8045637383659458e+08
	 -4.7812766859357864e+07 	 3.0832624246675344e+09 	 0.0000000000000000e+00 	 0.0000000000000000e+00 	 0.0000000000000000e+00 	 4.5781899889526889e+07
	 0.0000000000000000e+00 	 0.0000000000000000e+00 	 2.0897153736501289e+10 	 3.6715782191718459e+09 	 -1.3029727176969117e+08 	 0.0000000000000000e+00
	 0.0000000000000000e+00 	 0.0000000000000000e+00 	 3.6715782191713109e+09 	 4.6367145566327011e+10 	 -2.7526909275699787e+09 	 0.0000000000000000e+00
	 0.0000000000000000e+00 	 0.0000000000000000e+00 	 -1.3029727177002686e+08 	 -2.7526909275702276e+09 	 4.0805257197539093e+10 	 0.0000000000000000e+00
	 -2.8045637383661819e+08 	 4.5781899889524698e+07 	 0.0000000000000000e+00 	 0.0000000000000000e+00 	 0.0000000000000000e+00 	 2.2055404649759827e+10

	 1.3936656434941560e+03 	 0.0000000000000000e+00 	 0.0000000000000000e+00 	 0.0000000000000000e+00 	 0.0000000000000000e+00 	 -2.3003356093748476e+02
	 0.0000000000000000e+00 	 1.3936656434941560e+03 	 0.0000000000000000e+00 	 0.0000000000000000e+00 	 0.0000000000000000e+00 	 7.8993990088856654e+00
	 0.0000000000000000e+00 	 0.0000000000000000e+00 	 1.3936656434941560e+03 	 2.3003356093748476e+02 	 -7.8993990088856654e+00 	 0.0000000000000000e+00
	 0.0000000000000000e+00 	 0.0000000000000000e+00 	 2.3003356093748476e+02 	 3.1708648105334937e+03 	 -1.2061657075561469e+02 	 0.0000000000000000e+00
	 0.0000000000000000e+00 	 0.0000000000000000e+00 	 -7.8993990088856654e+00 	 -1.2061657075561469e+02 	 2.6582783010865323e+03 	 0.0000000000000000e+00
	 -2.3003356093748476e+02 	 7.8993990088856654e+00 	 0.0000000000000000e+00 	 0.0000000000000000e+00 	 0.0000000000000000e+00 	 5.8291431116200547e+03

	 0.103448 
	 1.7985685835382125e+09 	 6.7814454093209833e+07 	 0.0000000000000000e+00 	 0.0000000000000000e+00 	 0.0000000000000000e+00 	 -2.1923489268871444e+08
	 6.7814454092831552e+07 	 2.5417003443841443e+09 	 0.0000000000000000e+00 	 0.0000000000000000e+00 	 0.0000000000000000e+00 	 5.3962465101032861e+07
	 0.0000000000000000e+00 	 0.0000000000000000e+00 	 1.7759191179644604e+10 	 4.7388746446214800e+09 	 -1.4209535044345903e+08 	 0.0000000000000000e+00
	 0.0000000000000000e+00 	 0.0000000000000000e+00 	 4.7388746446211786e+09 	 3.7824227084668182e+10 	 -3.0280796916677332e+09 	 0.0000000000000000e+00
	 0.0000000000000000e+00 	 0.0000000000000000e+00 	 -1.4209535044400510e+08 	 -3.0280796916680365e+09 	 2.8567169253135334e+10 	 0.0000000000000000e+00
	 -2.1923489268879020e+08 	 5.3962465100995727e+07 	 0.0000000000000000e+00 	 0.0000000000000000e+00 	 0.0000000000000000e+00 	 1.4120828573394203e+10

	 1.2530248761881112e+03 	 0.0000000000000000e+00 	 0.0000000000000000e+00 	 0.0000000000000000e+00 	 0.0000000000000000e+00 	 -3.0821627117683488e+02
	 0.0000000000000000e+00 	 1.2530248761881112e+03 	 0.0000000000000000e+00 	 0.0000000000000000e+00 	 0.0000000000000000e+00 	 9.6498680409862114e+00
	 0.0000000000000000e+00 	 0.0000000000000000e+00 	 1.2530248761881112e+03 	 3.0821627117683488e+02 	 -9.6498680409862114e+00 	 0.0000000000000000e+00
	 0.0000000000000000e+00 	 0.0000000000000000e+00 	 3.0821627117683488e+02 	 2.5513341773832940e+03 	 -1.6283190116970547e+02 	 0.0000000000000000e+00
	 0.0000000000000000e+00 	 0.0000000000000000e+00 	 -9.6498680409862114e+00 	 -1.6283190116970547e+02 	 1.8733256436274414e+03 	 0.0000000000000000e+00
	 -3.0821627117683488e+02 	 9.6498680409862114e+00 	 0.0000000000000000e+00 	 0.0000000000000000e+00 	 0.0000000000000000e+00 	 4.4246598210107340e+03

	 0.137931 
	 1.1576375897123594e+09 	 6.0773050143937431e+07 	 0.0000000000000000e+00 	 0.0000000000000000e+00 	 0.0000000000000000e+00 	 -9.4729726146995842e+07
	 6.0773050143671267e+07 	 1.9998136479088497e+09 	 0.0000000000000000e+00 	 0.0000000000000000e+00 	 0.0000000000000000e+00 	 6.1388318745264597e+07
	 0.0000000000000000e+00 	 0.0000000000000000e+00 	 1.5054083058039352e+10 	 5.5586655017392693e+09 	 -1.3194452087774910e+08 	 0.0000000000000000e+00
	 0.0000000000000000e+00 	 0.0000000000000000e+00 	 5.5586655017388334e+09 	 3.1917079545273636e+10 	 -2.6135514836701231e+09 	 0.0000000000000000e+00
	 0.0000000000000000e+00 	 0.0000000000000000e+00 	 -1.3194452087779827e+08 	 -2.6135514836698852e+09 	 1.9750806638291264e+10 	 0.0000000000000000e+00
	 -9.4729726147028878e+07 	 6.1388318745123863e+07 	 0.0000000000000000e+00 	 0.0000000000000000e+00 	 0.0000000000000000e+00 	 8.4273384708591766e+09

	 1.0295287115086257e+03 	 0.0000000000000000e+00 	 0.0000000000000000e+00 	 0.0000000000000000e+00 	 0.0000000000000000e+00 	 -3.5904422312789882e+02
	 0.0000000000000000e+00 	 1.0295287115086257e+03 	 0.0000000000000000e+00 	 0.0000000000000000e+00 	 0.0000000000000000e+00 	 9.2012753155262423e+00
	 0.0000000000000000e+00 	 0.0000000000000000e+00 	 1.0295287115086257e+03 	 3.5904422312789882e+02 	 -9.2012753155262423e+00 	 0.0000000000000000e+00
	 0.0000000000000000e+00 	 0.0000000000000000e+00 	 3.5904422312789882e+02 	 2.1071201948565626e+03 	 -1.3600940239542930e+02 	 0.0000000000000000e+00
	 0.0000000000000000e+00 	 0.0000000000000000e+00 	 -9.2012753155262423e+00 	 -1.3600940239542930e+02 	 1.2359546782537680e+03 	 0.0000000000000000e+00
	 -3.5904422312789882e+02 	 9.2012753155262423e+00 	 0.0000000000000000e+00 	 0.0000000000000000e+00 	 0.0000000000000000e+00 	 3.3430748731103395e+03

	 0.172414 
	 7.2983786973263407e+08 	 5.5787548140309066e+07 	 0.0000000000000000e+00 	 0.0000000000000000e+00 	 0.0000000000000000e+00 	 3.2491450233409174e+07
	 5.5787548140274562e+07 	 1.5009469104978364e+09 	 0.0000000000000000e+00 	 0.0000000000000000e+00 	 0.0000000000000000e+00 	 6.0830610750480168e+07
	 0.0000000000000000e+00 	 0.0000000000000000e+00 	 1.2958309679053293e+10 	 5.5373273044339876e+09 	 -1.4666460886795437e+08 	 0.0000000000000000e+00
	 0.0000000000000000e+00 	 0.0000000000000000e+00 	 5.5373273044344053e+09 	 2.7326676486917671e+10 	 -1.9050890227915220e+09 	 0.0000000000000000e+00
	 0.0000000000000000e+00 	 0.0000000000000000e+00 	 -1.4666460886793920e+08 	 -1.9050890227915361e+09 	 1.3264587434121126e+10 	 0.0000000000000000e+00
	 3.2491450233297713e+07 	 6.0830610750411049e+07 	 0.0000000000000000e+00 	 0.0000000000000000e+00 	 0.0000000000000000e+00 	 4.5430378270358467e+09

	 8.5727737117199069e+02 	 0.0000000000000000e+00 	 0.0000000000000000e+00 	 0.0000000000000000e+00 	 0.0000000000000000e+00 	 -3.6175589976225689e+02
	 0.0000000000000000e+00 	 8.5727737117199069e+02 	 0.0000000000000000e+00 	 0.0000000000000000e+00 	 0.0000000000000000e+00 	 1.0363558499954440e+01
	 0.0000000000000000e+00 	 0.0000000000000000e+00 	 8.5727737117199069e+02 	 3.6175589976225689e+02 	 -1.0363558499954440e+01 	 0.0000000000000000e+00
	 0.0000000000000000e+00 	 0.0000000000000000e+00 	 3.6175589976225689e+02 	 1.7781748436478031e+03 	 -1.0004831365126145e+02 	 0.0000000000000000e+00
	 0.0000000000000000e+00 	 0.0000000000000000e+00 	 -1.0363558499954440e+01 	 -1.0004831365126145e+02 	 7.9011224068396598e+02 	 0.0000000000000000e+00
	 -3.6175589976225689e+02 	 1.0363558499954440e+01 	 0.0000000000000000e+00 	 0.0000000000000000e+00 	 0.0000000000000000e+00 	 2.5682870843317783e+03

	 0.206897 
	 5.3138115096226943e+08 	 4.0448701617307059e+07 	 0.0000000000000000e+00 	 0.0000000000000000e+00 	 0.0000000000000000e+00 	 4.4472594831742883e+07
	 4.0448701617413566e+07 	 1.0855779732812433e+09 	 0.0000000000000000e+00 	 0.0000000000000000e+00 	 0.0000000000000000e+00 	 4.8113035611676909e+07
	 0.0000000000000000e+00 	 0.0000000000000000e+00 	 1.1659800910159750e+10 	 5.3068192874466438e+09 	 -9.8629768543940768e+07 	 0.0000000000000000e+00
	 0.0000000000000000e+00 	 0.0000000000000000e+00 	 5.3068192874462595e+09 	 2.4453980035996845e+10 	 -1.3712202009138527e+09 	 0.0000000000000000e+00
	 0.0000000000000000e+00 	 0.0000000000000000e+00 	 -9.8629768543912932e+07 	 -1.3712202009138615e+09 	 1.0645662789018461e+10 	 0.0000000000000000e+00
	 4.4472594831655040e+07 	 4.8113035611959286e+07 	 0.0000000000000000e+00 	 0.0000000000000000e+00 	 0.0000000000000000e+00 	 2.7808913579847074e+09

	 7.5074782421322323e+02 	 0.0000000000000000e+00 	 0.0000000000000000e+00 	 0.0000000000000000e+00 	 0.0000000000000000e+00 	 -3.5686792401385492e+02
	 0.0000000000000000e+00 	 7.5074782421322323e+02 	 0.0000000000000000e+00 	 0.0000000000000000e+00 	 0.0000000000000000e+00 	 8.1391091450494102e+00
	 0.0000000000000000e+00 	 0.0000000000000000e+00 	 7.5074782421322323e+02 	 3.5686792401385492e+02 	 -8.1391091450494102e+00 	 0.0000000000000000e+00
	 0.0000000000000000e+00 	 0.0000000000000000e+00 	 3.5686792401385492e+02 	 1.5869410747796333e+03 	 -7.4624301159427588e+01 	 0.0000000000000000e+00
	 0.0000000000000000e+00 	 0.0000000000000000e+00 	 -8.1391091450494102e+00 	 -7.4624301159427588e+01 	 6.0879815033949023e+02 	 0.0000000000000000e+00
	 -3.5686792401385492e+02 	 8.1391091450494102e+00 	 0.0000000000000000e+00 	 0.0000000000000000e+00 	 0.0000000000000000e+00 	 2.1957392251191245e+03

	 0.241379 
	 4.1584874826023287e+08 	 2.3386690154093608e+07 	 0.0000000000000000e+00 	 0.0000000000000000e+00 	 0.0000000000000000e+00 	 4.1172469420064665e+07
	 2.3386690154378887e+07 	 7.9169251676411998e+08 	 0.0000000000000000e+00 	 0.0000000000000000e+00 	 0.0000000000000000e+00 	 4.0270141756869219e+07
	 0.0000000000000000e+00 	 0.0000000000000000e+00 	 1.0841904827346663e+10 	 4.9446712985531387e+09 	 -1.0709874082831532e+08 	 0.0000000000000000e+00
	 0.0000000000000000e+00 	 0.0000000000000000e+00 	 4.9446712985529747e+09 	 2.2312605024558990e+10 	 -8.7032130781556511e+08 	 0.0000000000000000e+00
	 0.0000000000000000e+00 	 0.0000000000000000e+00 	 -1.0709874082825774e+08 	 -8.7032130781511426e+08 	 8.8852497912743950e+09 	 0.0000000000000000e+00
	 4.1172469420212477e+07 	 4.0270141757152148e+07 	 0.0000000000000000e+00 	 0.0000000000000000e+00 	 0.0000000000000000e+00 	 1.7665240862107959e+09

	 6.8173280383879944e+02 	 0.0000000000000000e+00 	 0.0000000000000000e+00 	 0.0000000000000000e+00 	 0.0000000000000000e+00 	 -3.4200189929427631e+02
	 0.0000000000000000e+00 	 6.8173280383879944e+02 	 0.0000000000000000e+00 	 0.0000000000000000e+00 	 0.0000000000000000e+00 	 9.0863640056249242e+00
	 0.0000000000000000e+00 	 0.0000000000000000e+00 	 6.8173280383879944e+02 	 3.4200189929427631e+02 	 -9.0863640056249242e+00 	 0.0000000000000000e+00
	 0.0000000000000000e+00 	 0.0000000000000000e+00 	 3.4200189929427631e+02 	 1.4484700930689737e+03 	 -5.1326066236052071e+01 	 0.0000000000000000e+00
	 0.0000000000000000e+00 	 0.0000000000000000e+00 	 -9.0863640056249242e+00 	 -5.1326066236052071e+01 	 4.9214653182915833e+02 	 0.0000000000000000e+00
	 -3.4200189929427631e+02 	 9.0863640056249242e+00 	 0.0000000000000000e+00 	 0.0000000000000000e+00 	 0.0000000000000000e+00 	 1.9406166248981342e+03

	 0.275862 
	 3.3982097228743023e+08 	 1.2289607973476574e+07 	 0.0000000000000000e+00 	 0.0000000000000000e+00 	 0.0000000000000000e+00 	 4.2186974314232886e+07
	 1.2289607973404810e+07 	 6.3063164853309655e+08 	 0.0000000000000000e+00 	 0.0000000000000000e+00 	 0.0000000000000000e+00 	 3.7273748339713946e+07
	 0.0000000000000000e+00 	 0.0000000000000000e+00 	 1.0560496907340567e+10 	 5.0109017597478848e+09 	 -1.2460455198862383e+08 	 0.0000000000000000e+00
	 0.0000000000000000e+00 	 0.0000000000000000e+00 	 5.0109017597471895e+09 	 2.2270874894892914e+10 	 -5.9518180202042007e+08 	 0.0000000000000000e+00
	 0.0000000000000000e+00 	 0.0000000000000000e+00 	 -1.2460455198854806e+08 	 -5.9518180202073705e+08 	 7.2508802176360359e+09 	 0.0000000000000000e+00
	 4.2186974314357482e+07 	 3.7273748339684129e+07 	 0.0000000000000000e+00 	 0.0000000000000000e+00 	 0.0000000000000000e+00 	 1.1634778329562502e+09

	 6.4734677373208103e+02 	 0.0000000000000000e+00 	 0.0000000000000000e+00 	 0.0000000000000000e+00 	 0.0000000000000000e+00 	 -3.4506791496910165e+02
	 0.0000000000000000e+00 	 6.4734677373208103e+02 	 0.0000000000000000e+00 	 0.0000000000000000e+00 	 0.0000000000000000e+00 	 1.0414384017971877e+01
	 0.0000000000000000e+00 	 0.0000000000000000e+00 	 6.4734677373208103e+02 	 3.4506791496910165e+02 	 -1.0414384017971877e+01 	 0.0000000000000000e+00
	 0.0000000000000000e+00 	 0.0000000000000000e+00 	 3.4506791496910165e+02 	 1.4187562456074522e+03 	 -3.9092924991587559e+01 	 0.0000000000000000e+00
	 0.0000000000000000e+00 	 0.0000000000000000e+00 	 -1.0414384017971877e+01 	 -3.9092924991587559e+01 	 3.9177145855577544e+02 	 0.0000000000000000e+00
	 -3.4506791496910165e+02 	 1.0414384017971877e+01 	 0.0000000000000000e+00 	 0.0000000000000000e+00 	 0.0000000000000000e+00 	 1.8105277041632294e+03

	 0.310345 
	 3.0049399590806830e+08 	 9.5882632163496930e+06 	 0.0000000000000000e+00 	 0.0000000000000000e+00 	 0.0000000000000000e+00 	 4.2436423107327901e+07
	 9.5882632162621096e+06 	 5.9224538176833427e+08 	 0.0000000000000000e+00 	 0.0000000000000000e+00 	 0.0000000000000000e+00 	 3.6374834601616032e+07
	 0.0000000000000000e+00 	 0.0000000000000000e+00 	 1.0586012393476940e+10 	 4.9767272589600401e+09 	 -1.2884010047017924e+08 	 0.0000000000000000e+00
	 0.0000000000000000e+00 	 0.0000000000000000e+00 	 4.9767272589599075e+09 	 2.1638156936882580e+10 	 -5.1282660051946902e+08 	 0.0000000000000000e+00
	 0.0000000000000000e+00 	 0.0000000000000000e+00 	 -1.2884010046958411e+08 	 -5.1282660051910228e+08 	 6.1044438193914671e+09 	 0.0000000000000000e+00
	 4.2436423107371852e+07 	 3.6374834601676509e+07 	 0.0000000000000000e+00 	 0.0000000000000000e+00 	 0.0000000000000000e+00 	 8.9874273606550288e+08

	 6.3771369964820292e+02 	 0.0000000000000000e+00 	 0.0000000000000000e+00 	 0.0000000000000000e+00 	 0.0000000000000000e+00 	 -3.4700905048736558e+02
	 0.0000000000000000e+00 	 6.3771369964820292e+02 	 0.0000000000000000e+00 	 0.0000000000000000e+00 	 0.0000000000000000e+00 	 1.0825544459857284e+01
	 0.0000000000000000e+00 	 0.0000000000000000e+00 	 6.3771369964820292e+02 	 3.4700905048736558e+02 	 -1.0825544459857284e+01 	 0.0000000000000000e+00
	 0.0000000000000000e+00 	 0.0000000000000000e+00 	 3.4700905048736558e+02 	 1.3797219458129618e+03 	 -3.5600473548680505e+01 	 0.0000000000000000e+00
	 0.0000000000000000e+00 	 0.0000000000000000e+00 	 -1.0825544459857284e+01 	 -3.5600473548680505e+01 	 3.2487056480741387e+02 	 0.0000000000000000e+00
	 -3.4700905048736558e+02 	 1.0825544459857284e+01 	 0.0000000000000000e+00 	 0.0000000000000000e+00 	 0.0000000000000000e+00 	 1.7045925106203761e+03

	 0.344828 
	 2.8077266571539396e+08 	 8.1039120451975623e+06 	 0.0000000000000000e+00 	 0.0000000000000000e+00 	 0.0000000000000000e+00 	 3.9370387522202246e+07
	 8.1039120451350715e+06 	 5.7278009502560854e+08 	 0.0000000000000000e+00 	 0.0000000000000000e+00 	 0.0000000000000000e+00 	 3.3613485842462048e+07
	 0.0000000000000000e+00 	 0.0000000000000000e+00 	 1.0639926283130901e+10 	 4.8513224461718979e+09 	 -1.0232111751128471e+08 	 0.0000000000000000e+00
	 0.0000000000000000e+00 	 0.0000000000000000e+00 	 4.8513224461719580e+09 	 2.0475086332763363e+10 	 -4.4185039179806888e+08 	 0.0000000000000000e+00
	 0.0000000000000000e+00 	 0.0000000000000000e+00 	 -1.0232111751171009e+08 	 -4.4185039179827696e+08 	 5.4327635431204805e+09 	 0.0000000000000000e+00
	 3.9370387522106342e+07 	 3.3613485842657931e+07 	 0.0000000000000000e+00 	 0.0000000000000000e+00 	 0.0000000000000000e+00 	 7.6987983309904766e+08

	 6.3155489940414418e+02 	 0.0000000000000000e+00 	 0.0000000000000000e+00 	 0.0000000000000000e+00 	 0.0000000000000000e+00 	 -3.4016186174495169e+02
	 0.0000000000000000e+00 	 6.3155489940414418e+02 	 0.0000000000000000e+00 	 0.0000000000000000e+00 	 0.0000000000000000e+00 	 9.1554603728905199e+00
	 0.0000000000000000e+00 	 0.0000000000000000e+00 	 6.3155489940414418e+02 	 3.4016186174495169e+02 	 -9.1554603728905199e+00 	 0.0000000000000000e+00
	 0.0000000000000000e+00 	 0.0000000000000000e+00 	 3.4016186174495169e+02 	 1.3018220685995400e+03 	 -3.1422378994136231e+01 	 0.0000000000000000e+00
	 0.0000000000000000e+00 	 0.0000000000000000e+00 	 -9.1554603728905199e+00 	 -3.1422378994136231e+01 	 2.8621227622696330e+02 	 0.0000000000000000e+00
	 -3.4016186174495169e+02 	 9.1554603728905199e+00 	 0.0000000000000000e+00 	 0.0000000000000000e+00 	 0.0000000000000000e+00 	 1.5880343448264998e+03

	 0.379310 
	 2.5946912468731114e+08 	 6.9224150098174606e+06 	 0.0000000000000000e+00 	 0.0000000000000000e+00 	 0.0000000000000000e+00 	 3.6523457049426630e+07
	 6.9224150097355945e+06 	 5.4916167253722823e+08 	 0.0000000000000000e+00 	 0.0000000000000000e+00 	 0.0000000000000000e+00 	 3.0600018175713491e+07
	 0.0000000000000000e+00 	 0.0000000000000000e+00 	 1.0578684678297663e+10 	 4.6303939236187534e+09 	 -7.5365160541662917e+07 	 0.0000000000000000e+00
	 0.0000000000000000e+00 	 0.0000000000000000e+00 	 4.6303939236191874e+09 	 1.8784250096669132e+10 	 -3.7406242406268692e+08 	 0.0000000000000000e+00
	 0.0000000000000000e+00 	 0.0000000000000000e+00 	 -7.5365160541541904e+07 	 -3.7406242406237441e+08 	 4.6504968901918335e+09 	 0.0000000000000000e+00
	 3.6523457049361803e+07 	 3.0600018175652254e+07 	 0.0000000000000000e+00 	 0.0000000000000000e+00 	 0.0000000000000000e+00 	 6.3952551062943113e+08

	 6.1837921142882317e+02 	 0.0000000000000000e+00 	 0.0000000000000000e+00 	 0.0000000000000000e+00 	 0.0000000000000000e+00 	 -3.2394857357519123e+02
	 0.0000000000000000e+00 	 6.1837921142882317e+02 	 0.0000000000000000e+00 	 0.0000000000000000e+00 	 0.0000000000000000e+00 	 7.4113589783573950e+00
	 0.0000000000000000e+00 	 0.0000000000000000e+00 	 6.1837921142882317e+02 	 3.2394857357519123e+02 	 -7.4113589783573950e+00 	 0.0000000000000000e+00
	 0.0000000000000000e+00 	 0.0000000000000000e+00 	 3.2394857357519123e+02 	 1.1854523381019192e+03 	 -2.7015035518974521e+01 	 0.0000000000000000e+00
	 0.0000000000000000e+00 	 0.0000000000000000e+00 	 -7.4113589783573950e+00 	 -2.7015035518974521e+01 	 2.4254167627967209e+02 	 0.0000000000000000e+00
	 -3.2394857357519123e+02 	 7.4113589783573950e+00 	 0.0000000000000000e+00 	 0.0000000000000000e+00 	 0.0000000000000000e+00 	 1.4279940143815934e+03

	 0.413793 
	 2.3851658403395602e+08 	 5.5891184429240124e+06 	 0.0000000000000000e+00 	 0.0000000000000000e+00 	 0.0000000000000000e+00 	 3.3162741627536990e+07
	 5.5891184431445925e+06 	 5.2402349771012837e+08 	 0.0000000000000000e+00 	 0.0000000000000000e+00 	 0.0000000000000000e+00 	 2.7662517716863643e+07
	 0.0000000000000000e+00 	 0.0000000000000000e+00 	 1.0427055953259621e+10 	 4.3818986180437574e+09 	 -4.8910756384055972e+07 	 0.0000000000000000e+00
	 0.0000000000000000e+00 	 0.0000000000000000e+00 	 4.3818986180437527e+09 	 1.7008143305718468e+10 	 -3.0955450555354273e+08 	 0.0000000000000000e+00
	 0.0000000000000000e+00 	 0.0000000000000000e+00 	 -4.8910756384165399e+07 	 -3.0955450555378753e+08 	 3.9047357505445700e+09 	 0.0000000000000000e+00
	 3.3162741627595711e+07 	 2.7662517716848053e+07 	 0.0000000000000000e+00 	 0.0000000000000000e+00 	 0.0000000000000000e+00 	 5.2649796021095049e+08

	 5.9832112384751485e+02 	 0.0000000000000000e+00 	 0.0000000000000000e+00 	 0.0000000000000000e+00 	 0.0000000000000000e+00 	 -2.9994151766325461e+02
	 0.0000000000000000e+00 	 5.9832112384751485e+02 	 0.0000000000000000e+00 	 0.0000000000000000e+00 	 0.0000000000000000e+00 	 6.3391886314560004e+00
	 0.0000000000000000e+00 	 0.0000000000000000e+00 	 5.9832112384751485e+02 	 2.9994151766325461e+02 	 -6.3391886314560004e+00 	 0.0000000000000000e+00
	 0.0000000000000000e+00 	 0.0000000000000000e+00 	 2.9994151766325461e+02 	 1.0541265434584302e+03 	 -2.3468112666572836e+01 	 0.0000000000000000e+00
	 0.0000000000000000e+00 	 0.0000000000000000e+00 	 -6.3391886314560004e+00 	 -2.3468112666572836e+01 	 2.0148007145299965e+02 	 0.0000000000000000e+00
	 -2.9994151766325461e+02 	 6.3391886314560004e+00 	 0.0000000000000000e+00 	 0.0000000000000000e+00 	 0.0000000000000000e+00 	 1.2556066149114306e+03

	 0.448276 
	 1.4466772975747955e+08 	 4.5457851212069262e+06 	 0.0000000000000000e+00 	 0.0000000000000000e+00 	 0.0000000000000000e+00 	 3.0309276373549134e+07
	 4.5457851210877430e+06 	 4.9552385597926414e+08 	 0.0000000000000000e+00 	 0.0000000000000000e+00 	 0.0000000000000000e+00 	 2.8020579761358812e+07
	 0.0000000000000000e+00 	 0.0000000000000000e+00 	 1.0313589862007389e+10 	 4.6826946404797659e+09 	 -2.4666203861205354e+07 	 0.0000000000000000e+00
	 0.0000000000000000e+00 	 0.0000000000000000e+00 	 4.6826946404797115e+09 	 1.7090235767043341e+10 	 -2.4893537085362595e+08 	 0.0000000000000000e+00
	 0.0000000000000000e+00 	 0.0000000000000000e+00 	 -2.4666203861169007e+07 	 -2.4893537085359901e+08 	 3.2301598931994600e+09 	 0.0000000000000000e+00
	 3.0309276373667397e+07 	 2.8020579761450246e+07 	 0.0000000000000000e+00 	 0.0000000000000000e+00 	 0.0000000000000000e+00 	 4.1182289125709575e+08

	 5.7296592770490361e+02 	 0.0000000000000000e+00 	 0.0000000000000000e+00 	 0.0000000000000000e+00 	 0.0000000000000000e+00 	 -2.9969794935540915e+02
	 0.0000000000000000e+00 	 5.7296592770490361e+02 	 0.0000000000000000e+00 	 0.0000000000000000e+00 	 0.0000000000000000e+00 	 3.7460836602825673e+00
	 0.0000000000000000e+00 	 0.0000000000000000e+00 	 5.7296592770490361e+02 	 2.9969794935540915e+02 	 -3.7460836602825673e+00 	 0.0000000000000000e+00
	 0.0000000000000000e+00 	 0.0000000000000000e+00 	 2.9969794935540915e+02 	 1.0085156391122060e+03 	 -1.8071167336339592e+01 	 0.0000000000000000e+00
	 0.0000000000000000e+00 	 0.0000000000000000e+00 	 -3.7460836602825673e+00 	 -1.8071167336339592e+01 	 1.6399105445497182e+02 	 0.0000000000000000e+00
	 -2.9969794935540915e+02 	 3.7460836602825673e+00 	 0.0000000000000000e+00 	 0.0000000000000000e+00 	 0.0000000000000000e+00 	 1.1725066935671778e+03

	 0.482759 
	 1.3058834225350937e+08 	 4.4190019469339168e+06 	 0.0000000000000000e+00 	 0.0000000000000000e+00 	 0.0000000000000000e+00 	 2.7437818492765773e+07
	 4.4190019470435800e+06 	 4.7409142222319186e+08 	 0.0000000000000000e+00 	 0.0000000000000000e+00 	 0.0000000000000000e+00 	 2.2552953222312748e+07
	 0.0000000000000000e+00 	 0.0000000000000000e+00 	 9.8690825141520386e+09 	 3.8972386800894294e+09 	 -7.5524916892233817e+06 	 0.0000000000000000e+00
	 0.0000000000000000e+00 	 0.0000000000000000e+00 	 3.8972386800893941e+09 	 1.3669059610883566e+10 	 -1.9266551927984914e+08 	 0.0000000000000000e+00
	 0.0000000000000000e+00 	 0.0000000000000000e+00 	 -7.5524916892985161e+06 	 -1.9266551927988404e+08 	 2.6078151040016322e+09 	 0.0000000000000000e+00
	 2.7437818492838357e+07 	 2.2552953222416412e+07 	 0.0000000000000000e+00 	 0.0000000000000000e+00 	 0.0000000000000000e+00 	 3.2918843432489341e+08

	 5.4228874707926661e+02 	 0.0000000000000000e+00 	 0.0000000000000000e+00 	 0.0000000000000000e+00 	 0.0000000000000000e+00 	 -2.5299713192489943e+02
	 0.0000000000000000e+00 	 5.4228874707926661e+02 	 0.0000000000000000e+00 	 0.0000000000000000e+00 	 0.0000000000000000e+00 	 2.1926483381663147e+00
	 0.0000000000000000e+00 	 0.0000000000000000e+00 	 5.4228874707926661e+02 	 2.5299713192489943e+02 	 -2.1926483381663147e+00 	 0.0000000000000000e+00
	 0.0000000000000000e+00 	 0.0000000000000000e+00 	 2.5299713192489943e+02 	 8.1326884320989609e+02 	 -1.3910567449417941e+01 	 0.0000000000000000e+00
	 0.0000000000000000e+00 	 0.0000000000000000e+00 	 -2.1926483381663147e+00 	 -1.3910567449417941e+01 	 1.3128292643150985e+02 	 0.0000000000000000e+00
	 -2.5299713192489943e+02 	 2.1926483381663147e+00 	 0.0000000000000000e+00 	 0.0000000000000000e+00 	 0.0000000000000000e+00 	 9.4455176964140367e+02

	 0.517241 
	 1.1880342319163269e+08 	 4.8239361699775569e+06 	 0.0000000000000000e+00 	 0.0000000000000000e+00 	 0.0000000000000000e+00 	 2.5325927068705522e+07
	 4.8239361700268937e+06 	 4.6768297613407642e+08 	 0.0000000000000000e+00 	 0.0000000000000000e+00 	 0.0000000000000000e+00 	 1.8695597718615588e+07
	 0.0000000000000000e+00 	 0.0000000000000000e+00 	 9.1317746589289780e+09 	 2.4752885119226384e+09 	 -2.8249562017266225e+07 	 0.0000000000000000e+00
	 0.0000000000000000e+00 	 0.0000000000000000e+00 	 2.4752885119227314e+09 	 8.8302504748331146e+09 	 -1.2986953818802050e+08 	 0.0000000000000000e+00
	 0.0000000000000000e+00 	 0.0000000000000000e+00 	 -2.8249562017133765e+07 	 -1.2986953818798064e+08 	 2.1077402187639792e+09 	 0.0000000000000000e+00
	 2.5325927068658050e+07 	 1.8695597718708415e+07 	 0.0000000000000000e+00 	 0.0000000000000000e+00 	 0.0000000000000000e+00 	 2.6386589302864683e+08

	 5.0032097524796723e+02 	 0.0000000000000000e+00 	 0.0000000000000000e+00 	 0.0000000000000000e+00 	 0.0000000000000000e+00 	 -1.8001105719201169e+02
	 0.0000000000000000e+00 	 5.0032097524796723e+02 	 0.0000000000000000e+00 	 0.0000000000000000e+00 	 0.0000000000000000e+00 	 3.1586500897640777e+00
	 0.0000000000000000e+00 	 0.0000000000000000e+00 	 5.0032097524796723e+02 	 1.8001105719201169e+02 	 -3.1586500897640777e+00 	 0.0000000000000000e+00
	 0.0000000000000000e+00 	 0.0000000000000000e+00 	 1.8001105719201169e+02 	 5.6147594781485031e+02 	 -1.0306393238129107e+01 	 0.0000000000000000e+00
	 0.0000000000000000e+00 	 0.0000000000000000e+00 	 -3.1586500897640777e+00 	 -1.0306393238129107e+01 	 1.0544321807916127e+02 	 0.0000000000000000e+00
	 -1.8001105719201169e+02 	 3.1586500897640777e+00 	 0.0000000000000000e+00 	 0.0000000000000000e+00 	 0.0000000000000000e+00 	 6.6691916589401444e+02

	 0.551724 
	 1.0769568360521646e+08 	 4.0409224322450021e+06 	 0.0000000000000000e+00 	 0.0000000000000000e+00 	 0.0000000000000000e+00 	 2.3078564890153952e+07
	 4.0409224322360423e+06 	 4.4099503223774707e+08 	 0.0000000000000000e+00 	 0.0000000000000000e+00 	 0.0000000000000000e+00 	 1.7586263719168007e+07
	 0.0000000000000000e+00 	 0.0000000000000000e+00 	 8.7211300399538555e+09 	 2.2182820445100574e+09 	 -5.5744845892647706e+07 	 0.0000000000000000e+00
	 0.0000000000000000e+00 	 0.0000000000000000e+00 	 2.2182820445100565e+09 	 7.5155019075041075e+09 	 -1.0588204922035366e+08 	 0.0000000000000000e+00
	 0.0000000000000000e+00 	 0.0000000000000000e+00 	 -5.5744845892588146e+07 	 -1.0588204922028917e+08 	 1.6712135856818483e+09 	 0.0000000000000000e+00
	 2.3078564890103742e+07 	 1.7586263719157699e+07 	 0.0000000000000000e+00 	 0.0000000000000000e+00 	 0.0000000000000000e+00 	 2.1122182524275064e+08

	 4.6943028689571662e+02 	 0.0000000000000000e+00 	 0.0000000000000000e+00 	 0.0000000000000000e+00 	 0.0000000000000000e+00 	 -1.5404388428341335e+02
	 0.0000000000000000e+00 	 4.6943028689571662e+02 	 0.0000000000000000e+00 	 0.0000000000000000e+00 	 0.0000000000000000e+00 	 4.3994557068826152e+00
	 0.0000000000000000e+00 	 0.0000000000000000e+00 	 4.6943028689571662e+02 	 1.5404388428341335e+02 	 -4.3994557068826152e+00 	 0.0000000000000000e+00
	 0.0000000000000000e+00 	 0.0000000000000000e+00 	 1.5404388428341335e+02 	 4.6210238622088445e+02 	 -8.4160642867292417e+00 	 0.0000000000000000e+00
	 0.0000000000000000e+00 	 0.0000000000000000e+00 	 -4.3994557068826152e+00 	 -8.4160642867292417e+00 	 8.2888316452194317e+01 	 0.0000000000000000e+00
	 -1.5404388428341335e+02 	 4.3994557068826152e+00 	 0.0000000000000000e+00 	 0.0000000000000000e+00 	 0.0000000000000000e+00 	 5.4499070267308070e+02

	 0.586207 
	 9.6896147908401385e+07 	 4.6727023981156424e+06 	 0.0000000000000000e+00 	 0.0000000000000000e+00 	 0.0000000000000000e+00 	 2.1332277795685533e+07
	 4.6727023981364593e+06 	 4.4613585455985129e+08 	 0.0000000000000000e+00 	 0.0000000000000000e+00 	 0.0000000000000000e+00 	 1.4623798289368415e+07
	 0.0000000000000000e+00 	 0.0000000000000000e+00 	 7.9731514697478580e+09 	 1.2957205732871263e+09 	 -6.7050850358043186e+07 	 0.0000000000000000e+00
	 0.0000000000000000e+00 	 0.0000000000000000e+00 	 1.2957205732870543e+09 	 4.6979741838435659e+09 	 -6.5248974322431199e+07 	 0.0000000000000000e+00
	 0.0000000000000000e+00 	 0.0000000000000000e+00 	 -6.7050850358057171e+07 	 -6.5248974322412431e+07 	 1.3011550370735793e+09 	 0.0000000000000000e+00
	 2.1332277795626733e+07 	 1.4623798289433094e+07 	 0.0000000000000000e+00 	 0.0000000000000000e+00 	 0.0000000000000000e+00 	 1.6511557438225946e+08

	 4.2809294867643422e+02 	 0.0000000000000000e+00 	 0.0000000000000000e+00 	 0.0000000000000000e+00 	 0.0000000000000000e+00 	 -1.0564237339782336e+02
	 0.0000000000000000e+00 	 4.2809294867643422e+02 	 0.0000000000000000e+00 	 0.0000000000000000e+00 	 0.0000000000000000e+00 	 4.8085707168154332e+00
	 0.0000000000000000e+00 	 0.0000000000000000e+00 	 4.2809294867643422e+02 	 1.0564237339782336e+02 	 -4.8085707168154332e+00 	 0.0000000000000000e+00
	 0.0000000000000000e+00 	 0.0000000000000000e+00 	 1.0564237339782336e+02 	 3.1172781543029180e+02 	 -5.9390154889541718e+00 	 0.0000000000000000e+00
	 0.0000000000000000e+00 	 0.0000000000000000e+00 	 -4.8085707168154332e+00 	 -5.9390154889541718e+00 	 6.4219156538189509e+01 	 0.0000000000000000e+00
	 -1.0564237339782336e+02 	 4.8085707168154332e+00 	 0.0000000000000000e+00 	 0.0000000000000000e+00 	 0.0000000000000000e+00 	 3.7594697196848074e+02

	 0.620690 
	 8.7002057465248734e+07 	 4.0764399178101984e+06 	 0.0000000000000000e+00 	 0.0000000000000000e+00 	 0.0000000000000000e+00 	 1.9059920937658098e+07
	 4.0764399177620932e+06 	 4.2237698772541088e+08 	 0.0000000000000000e+00 	 0.0000000000000000e+00 	 0.0000000000000000e+00 	 1.3842989958924839e+07
	 0.0000000000000000e+00 	 0.0000000000000000e+00 	 7.4724657524454947e+09 	 1.1462778798534656e+09 	 -8.2086807944984585e+07 	 0.0000000000000000e+00
	 0.0000000000000000e+00 	 0.0000000000000000e+00 	 1.1462778798535035e+09 	 3.9049720633425078e+09 	 -5.3267664252749391e+07 	 0.0000000000000000e+00
	 0.0000000000000000e+00 	 0.0000000000000000e+00 	 -8.2086807944985747e+07 	 -5.3267664252756029e+07 	 9.8953921901625681e+08 	 0.0000000000000000e+00
	 1.9059920937660519e+07 	 1.3842989958931668e+07 	 0.0000000000000000e+00 	 0.0000000000000000e+00 	 0.0000000000000000e+00 	 1.2894704349920908e+08

	 3.9671278475634642e+02 	 0.0000000000000000e+00 	 0.0000000000000000e+00 	 0.0000000000000000e+00 	 0.0000000000000000e+00 	 -9.0869930353286534e+01
	 0.0000000000000000e+00 	 3.9671278475634642e+02 	 0.0000000000000000e+00 	 0.0000000000000000e+00 	 0.0000000000000000e+00 	 5.4560964422684295e+00
	 0.0000000000000000e+00 	 0.0000000000000000e+00 	 3.9671278475634642e+02 	 9.0869930353286534e+01 	 -5.4560964422684295e+00 	 0.0000000000000000e+00
	 0.0000000000000000e+00 	 0.0000000000000000e+00 	 9.0869930353286534e+01 	 2.5292126889921315e+02 	 -4.8896241737373067e+00 	 0.0000000000000000e+00
	 0.0000000000000000e+00 	 0.0000000000000000e+00 	 -5.4560964422684295e+00 	 -4.8896241737373067e+00 	 4.8577425520549305e+01 	 0.0000000000000000e+00
	 -9.0869930353286534e+01 	 5.4560964422684295e+00 	 0.0000000000000000e+00 	 0.0000000000000000e+00 	 0.0000000000000000e+00 	 3.0149869441976324e+02

	 0.655172 
	 7.8005480157758176e+07 	 3.7212894235226978e+06 	 0.0000000000000000e+00 	 0.0000000000000000e+00 	 0.0000000000000000e+00 	 1.6920002863045648e+07
	 3.7212894235517653e+06 	 3.9944905213653708e+08 	 0.0000000000000000e+00 	 0.0000000000000000e+00 	 0.0000000000000000e+00 	 1.3037284262626080e+07
	 0.0000000000000000e+00 	 0.0000000000000000e+00 	 6.9321120367169256e+09 	 1.0035028711581881e+09 	 -9.2200639259301141e+07 	 0.0000000000000000e+00
	 0.0000000000000000e+00 	 0.0000000000000000e+00 	 1.0035028711582130e+09 	 3.1945070883058381e+09 	 -4.4055546224772640e+07 	 0.0000000000000000e+00
	 0.0000000000000000e+00 	 0.0000000000000000e+00 	 -9.2200639259315699e+07 	 -4.4055546224778280e+07 	 7.3253633542709494e+08 	 0.0000000000000000e+00
	 1.6920002863048892e+07 	 1.3037284262651579e+07 	 0.0000000000000000e+00 	 0.0000000000000000e+00 	 0.0000000000000000e+00 	 9.9206536112745479e+07

	 3.6555088815652329e+02 	 0.0000000000000000e+00 	 0.0000000000000000e+00 	 0.0000000000000000e+00 	 0.0000000000000000e+00 	 -7.8053157415829233e+01
	 0.0000000000000000e+00 	 3.6555088815652329e+02 	 0.0000000000000000e+00 	 0.0000000000000000e+00 	 0.0000000000000000e+00 	 5.7201614084506840e+00
	 0.0000000000000000e+00 	 0.0000000000000000e+00 	 3.6555088815652329e+02 	 7.8053157415829233e+01 	 -5.7201614084506840e+00 	 0.0000000000000000e+00
	 0.0000000000000000e+00 	 0.0000000000000000e+00 	 7.8053157415829233e+01 	 2.0280954140468376e+02 	 -3.9232021259383214e+00 	 0.0000000000000000e+00
	 0.0000000000000000e+00 	 0.0000000000000000e+00 	 -5.7201614084506840e+00 	 -3.9232021259383214e+00 	 3.5823323296658508e+01 	 0.0000000000000000e+00
	 -7.8053157415829233e+01 	 5.7201614084506840e+00 	 0.0000000000000000e+00 	 0.0000000000000000e+00 	 0.0000000000000000e+00 	 2.3863286470134221e+02

	 0.689655 
	 6.9087250633263871e+07 	 4.3521971292970199e+06 	 0.0000000000000000e+00 	 0.0000000000000000e+00 	 0.0000000000000000e+00 	 1.5353065058510546e+07
	 4.3521971293243291e+06 	 4.0433704206020182e+08 	 0.0000000000000000e+00 	 0.0000000000000000e+00 	 0.0000000000000000e+00 	 1.1459401935957275e+07
	 0.0000000000000000e+00 	 0.0000000000000000e+00 	 6.2018563579882231e+09 	 5.8161917437833416e+08 	 -9.2194471169198737e+07 	 0.0000000000000000e+00
	 0.0000000000000000e+00 	 0.0000000000000000e+00 	 5.8161917437831306e+08 	 2.0408276239376001e+09 	 -2.7257571345317218e+07 	 0.0000000000000000e+00
	 0.0000000000000000e+00 	 0.0000000000000000e+00 	 -9.2194471169199765e+07 	 -2.7257571345343813e+07 	 5.2640123034335768e+08 	 0.0000000000000000e+00
	 1.5353065058505572e+07 	 1.1459401935927399e+07 	 0.0000000000000000e+00 	 0.0000000000000000e+00 	 0.0000000000000000e+00 	 7.4471363195473000e+07

	 3.2547411185436221e+02 	 0.0000000000000000e+00 	 0.0000000000000000e+00 	 0.0000000000000000e+00 	 0.0000000000000000e+00 	 -5.2600690509067903e+01
	 0.0000000000000000e+00 	 3.2547411185436221e+02 	 0.0000000000000000e+00 	 0.0000000000000000e+00 	 0.0000000000000000e+00 	 5.3939683152421258e+00
	 0.0000000000000000e+00 	 0.0000000000000000e+00 	 3.2547411185436221e+02 	 5.2600690509067903e+01 	 -5.3939683152421258e+00 	 0.0000000000000000e+00
	 0.0000000000000000e+00 	 0.0000000000000000e+00 	 5.2600690509067903e+01 	 1.3533973961251459e+02 	 -2.5878980390354749e+00 	 0.0000000000000000e+00
	 0.0000000000000000e+00 	 0.0000000000000000e+00 	 -5.3939683152421258e+00 	 -2.5878980390354749e+00 	 2.5627114288803622e+01 	 0.0000000000000000e+00
	 -5.2600690509067903e+01 	 5.3939683152421258e+00 	 0.0000000000000000e+00 	 0.0000000000000000e+00 	 0.0000000000000000e+00 	 1.6096685390131785e+02

	 0.724138 
	 5.9217072142181739e+07 	 3.9730440540170800e+06 	 0.0000000000000000e+00 	 0.0000000000000000e+00 	 0.0000000000000000e+00 	 1.1581932649213985e+07
	 3.9730440539816758e+06 	 3.7435216164630830e+08 	 0.0000000000000000e+00 	 0.0000000000000000e+00 	 0.0000000000000000e+00 	 1.0664377113928529e+07
	 0.0000000000000000e+00 	 0.0000000000000000e+00 	 5.5138425450416851e+09 	 5.3787193539524770e+08 	 -9.0830140022583425e+07 	 0.0000000000000000e+00
	 0.0000000000000000e+00 	 0.0000000000000000e+00 	 5.3787193539523780e+08 	 1.5665345429503098e+09 	 -2.1158881138506152e+07 	 0.0000000000000000e+00
	 0.0000000000000000e+00 	 0.0000000000000000e+00 	 -9.0830140022581294e+07 	 -2.1158881138505518e+07 	 3.6326909056005549e+08 	 0.0000000000000000e+00
	 1.1581932649220876e+07 	 1.0664377113930797e+07 	 0.0000000000000000e+00 	 0.0000000000000000e+00 	 0.0000000000000000e+00 	 5.3543237425345890e+07

