 ------- BEAMDYN V1.00.* INDIVIDUAL BLADE INPUT FILE --------------------------
 Test Format 1
 ---------------------- BLADE PARAMETERS --------------------------------------
30   station_total    - Number of blade input stations (-)
 1   damp_type        - Damping type: 0: no damping; 1: damped
  ---------------------- DAMPING COEFFICIENT------------------------------------
   mu1        mu2        mu3        mu4        mu5        mu6
   (-)        (-)        (-)        (-)        (-)        (-)
 0.021955    0.012818    0.012818    0.012818    0.021955    0.012818  
 ---------------------- DISTRIBUTED PROPERTIES---------------------------------
	 0.000000 
	 5.6082735263433590e+09 	 -4.6980346739533226e+04 	 0.0000000000000000e+00 	 0.0000000000000000e+00 	 0.0000000000000000e+00 	 5.2119024485986220e+03
	 -4.6980345569614947e+04 	 5.6082456388311987e+09 	 0.0000000000000000e+00 	 0.0000000000000000e+00 	 0.0000000000000000e+00 	 -1.1625549889823420e+04
	 0.0000000000000000e+00 	 0.0000000000000000e+00 	 3.8321233090622581e+10 	 -3.5716172082237368e+04 	 7.9425723429981779e+04 	 0.0000000000000000e+00
	 0.0000000000000000e+00 	 0.0000000000000000e+00 	 -3.5716171764378232e+04 	 9.2815424133461884e+10 	 7.7807438520271669e+05 	 0.0000000000000000e+00
	 0.0000000000000000e+00 	 0.0000000000000000e+00 	 7.9425725336657444e+04 	 7.7807438430804992e+05 	 9.2815885460528580e+10 	 0.0000000000000000e+00
	 5.2119024477202574e+03 	 -1.1625549888387050e+04 	 0.0000000000000000e+00 	 0.0000000000000000e+00 	 0.0000000000000000e+00 	 5.4281405873485680e+10

	 2.6421583578462059e+03 	 0.0000000000000000e+00 	 0.0000000000000000e+00 	 0.0000000000000000e+00 	 0.0000000000000000e+00 	 2.4628902017782631e-03
	 0.0000000000000000e+00 	 2.6421583578462059e+03 	 0.0000000000000000e+00 	 0.0000000000000000e+00 	 0.0000000000000000e+00 	 -5.4762746489254669e-03
	 0.0000000000000000e+00 	 0.0000000000000000e+00 	 2.6421583578462059e+03 	 -2.4628902017782631e-03 	 5.4762746489254669e-03 	 0.0000000000000000e+00
	 0.0000000000000000e+00 	 0.0000000000000000e+00 	 -2.4628902017782631e-03 	 6.4001433838163011e+03 	 5.3649666272695781e-02 	 0.0000000000000000e+00
	 0.0000000000000000e+00 	 0.0000000000000000e+00 	 5.4762746489254669e-03 	 5.3649666272695781e-02 	 6.4001751925931176e+03 	 0.0000000000000000e+00
	 2.4628902017782631e-03 	 -5.4762746489254669e-03 	 0.0000000000000000e+00 	 0.0000000000000000e+00 	 0.0000000000000000e+00 	 1.2800318576409420e+04

	 0.034483 
	 4.0842139384838629e+09 	 -1.7513009086673997e+07 	 0.0000000000000000e+00 	 0.0000000000000000e+00 	 0.0000000000000000e+00 	 -2.5569426468919107e+08
	 -1.7513009086970985e+07 	 4.4271911106131134e+09 	 0.0000000000000000e+00 	 0.0000000000000000e+00 	 0.0000000000000000e+00 	 1.7643417881226800e+07
	 0.0000000000000000e+00 	 0.0000000000000000e+00 	 2.9706866791423378e+10 	 1.9010016836070142e+09 	 -1.1312465997830065e+08 	 0.0000000000000000e+00
	 0.0000000000000000e+00 	 0.0000000000000000e+00 	 1.9010016836077194e+09 	 7.0111937661809875e+10 	 -1.0299685602020878e+09 	 0.0000000000000000e+00
	 0.0000000000000000e+00 	 0.0000000000000000e+00 	 -1.1312465997923268e+08 	 -1.0299685602023125e+09 	 6.7894072091193939e+10 	 0.0000000000000000e+00
	 -2.5569426468919164e+08 	 1.7643417881194983e+07 	 0.0000000000000000e+00 	 0.0000000000000000e+00 	 0.0000000000000000e+00 	 3.9499427266645981e+10

	 2.0302042293374600e+03 	 0.0000000000000000e+00 	 0.0000000000000000e+00 	 0.0000000000000000e+00 	 0.0000000000000000e+00 	 -1.3125318828463773e+02
	 0.0000000000000000e+00 	 2.0302042293374600e+03 	 0.0000000000000000e+00 	 0.0000000000000000e+00 	 0.0000000000000000e+00 	 7.4521728260454259e+00
	 0.0000000000000000e+00 	 0.0000000000000000e+00 	 2.0302042293374600e+03 	 1.3125318828463773e+02 	 -7.4521728260454259e+00 	 0.0000000000000000e+00
	 0.0000000000000000e+00 	 0.0000000000000000e+00 	 1.3125318828463773e+02 	 4.8280255442595471e+03 	 -4.5169661794844998e+01 	 0.0000000000000000e+00
	 0.0000000000000000e+00 	 0.0000000000000000e+00 	 -7.4521728260454259e+00 	 -4.5169661794844998e+01 	 4.6085325989271714e+03 	 0.0000000000000000e+00
	 -1.3125318828463773e+02 	 7.4521728260454259e+00 	 0.0000000000000000e+00 	 0.0000000000000000e+00 	 0.0000000000000000e+00 	 9.4365581431867140e+03

	 0.068966 
	 2.8059958450848207e+09 	 -2.4869354903663840e+07 	 0.0000000000000000e+00 	 0.0000000000000000e+00 	 0.0000000000000000e+00 	 -3.8362025615526742e+08
	 -2.4869354902798794e+07 	 3.6451683382523708e+09 	 0.0000000000000000e+00 	 0.0000000000000000e+00 	 0.0000000000000000e+00 	 4.0506824844227105e+07
	 0.0000000000000000e+00 	 0.0000000000000000e+00 	 2.4255556770316410e+10 	 5.0084278182525225e+09 	 -2.2575455470898604e+08 	 0.0000000000000000e+00
	 0.0000000000000000e+00 	 0.0000000000000000e+00 	 5.0084278182513180e+09 	 5.8222834188813789e+10 	 -1.6122443863634496e+09 	 0.0000000000000000e+00
	 0.0000000000000000e+00 	 0.0000000000000000e+00 	 -2.2575455470982450e+08 	 -1.6122443863644419e+09 	 4.4104715547797852e+10 	 0.0000000000000000e+00
	 -3.8362025615522850e+08 	 4.0506824844340466e+07 	 0.0000000000000000e+00 	 0.0000000000000000e+00 	 0.0000000000000000e+00 	 2.6474236327217976e+10

	 1.6260644731491602e+03 	 0.0000000000000000e+00 	 0.0000000000000000e+00 	 0.0000000000000000e+00 	 0.0000000000000000e+00 	 -2.9759816250020396e+02
	 0.0000000000000000e+00 	 1.6260644731491602e+03 	 0.0000000000000000e+00 	 0.0000000000000000e+00 	 0.0000000000000000e+00 	 1.9196226395301167e+01
	 0.0000000000000000e+00 	 0.0000000000000000e+00 	 1.6260644731491602e+03 	 2.9759816250020396e+02 	 -1.9196226395301167e+01 	 0.0000000000000000e+00
	 0.0000000000000000e+00 	 0.0000000000000000e+00 	 2.9759816250020396e+02 	 3.8837423611147269e+03 	 -7.3916721325002754e+01 	 0.0000000000000000e+00
	 0.0000000000000000e+00 	 0.0000000000000000e+00 	 -1.9196226395301167e+01 	 -7.3916721325002754e+01 	 2.9588657142776656e+03 	 0.0000000000000000e+00
	 -2.9759816250020396e+02 	 1.9196226395301167e+01 	 0.0000000000000000e+00 	 0.0000000000000000e+00 	 0.0000000000000000e+00 	 6.8426080753923961e+03

	 0.103448 
	 2.1609272029885545e+09 	 8.7638389477607191e+07 	 0.0000000000000000e+00 	 0.0000000000000000e+00 	 0.0000000000000000e+00 	 -3.4949383980063647e+08
	 8.7638389478099003e+07 	 3.0030567234981055e+09 	 0.0000000000000000e+00 	 0.0000000000000000e+00 	 0.0000000000000000e+00 	 5.7942981496251315e+07
	 0.0000000000000000e+00 	 0.0000000000000000e+00 	 1.9892239617540470e+10 	 6.8881715881083050e+09 	 -2.9542024394997466e+08 	 0.0000000000000000e+00
	 0.0000000000000000e+00 	 0.0000000000000000e+00 	 6.8881715881077824e+09 	 4.8165096792411270e+10 	 -2.0133134346509767e+09 	 0.0000000000000000e+00
	 0.0000000000000000e+00 	 0.0000000000000000e+00 	 -2.9542024395011431e+08 	 -2.0133134346506164e+09 	 2.9214557037483624e+10 	 0.0000000000000000e+00
	 -3.4949383980059803e+08 	 5.7942981496310025e+07 	 0.0000000000000000e+00 	 0.0000000000000000e+00 	 0.0000000000000000e+00 	 1.7142821726132633e+10

	 1.4087181350708804e+03 	 0.0000000000000000e+00 	 0.0000000000000000e+00 	 0.0000000000000000e+00 	 0.0000000000000000e+00 	 -4.1604942167400600e+02
	 0.0000000000000000e+00 	 1.4087181350708804e+03 	 0.0000000000000000e+00 	 0.0000000000000000e+00 	 0.0000000000000000e+00 	 2.2747350787259595e+01
	 0.0000000000000000e+00 	 0.0000000000000000e+00 	 1.4087181350708804e+03 	 4.1604942167400600e+02 	 -2.2747350787259595e+01 	 0.0000000000000000e+00
	 0.0000000000000000e+00 	 0.0000000000000000e+00 	 4.1604942167400600e+02 	 3.1502931075603260e+03 	 -1.2231795548785740e+02 	 0.0000000000000000e+00
	 0.0000000000000000e+00 	 0.0000000000000000e+00 	 -2.2747350787259595e+01 	 -1.2231795548785740e+02 	 1.9963249786358303e+03 	 0.0000000000000000e+00
	 -4.1604942167400600e+02 	 2.2747350787259595e+01 	 0.0000000000000000e+00 	 0.0000000000000000e+00 	 0.0000000000000000e+00 	 5.1466180861961675e+03

	 0.137931 
	 1.3926622845663891e+09 	 7.4644749643952563e+07 	 0.0000000000000000e+00 	 0.0000000000000000e+00 	 0.0000000000000000e+00 	 -1.9435115849966532e+08
	 7.4644749644730642e+07 	 2.3767924025815425e+09 	 0.0000000000000000e+00 	 0.0000000000000000e+00 	 0.0000000000000000e+00 	 6.7534070537206784e+07
	 0.0000000000000000e+00 	 0.0000000000000000e+00 	 1.6386719804827007e+10 	 8.2594614894020309e+09 	 -3.1506723507384533e+08 	 0.0000000000000000e+00
	 0.0000000000000000e+00 	 0.0000000000000000e+00 	 8.2594614894005251e+09 	 4.2093211223439476e+10 	 -1.9976304490062411e+09 	 0.0000000000000000e+00
	 0.0000000000000000e+00 	 0.0000000000000000e+00 	 -3.1506723507421744e+08 	 -1.9976304490068839e+09 	 1.9085275203242397e+10 	 0.0000000000000000e+00
	 -1.9435115849961725e+08 	 6.7534070537209034e+07 	 0.0000000000000000e+00 	 0.0000000000000000e+00 	 0.0000000000000000e+00 	 1.0375748038352995e+10

	 1.1303786762007255e+03 	 0.0000000000000000e+00 	 0.0000000000000000e+00 	 0.0000000000000000e+00 	 0.0000000000000000e+00 	 -4.8878398462062052e+02
	 0.0000000000000000e+00 	 1.1303786762007255e+03 	 0.0000000000000000e+00 	 0.0000000000000000e+00 	 0.0000000000000000e+00 	 2.2852272587641469e+01
	 0.0000000000000000e+00 	 0.0000000000000000e+00 	 1.1303786762007255e+03 	 4.8878398462062052e+02 	 -2.2852272587641469e+01 	 0.0000000000000000e+00
	 0.0000000000000000e+00 	 0.0000000000000000e+00 	 4.8878398462062052e+02 	 2.6540258758599198e+03 	 -1.1341076049370616e+02 	 0.0000000000000000e+00
	 0.0000000000000000e+00 	 0.0000000000000000e+00 	 -2.2852272587641469e+01 	 -1.1341076049370616e+02 	 1.2585525678523416e+03 	 0.0000000000000000e+00
	 -4.8878398462062052e+02 	 2.2852272587641469e+01 	 0.0000000000000000e+00 	 0.0000000000000000e+00 	 0.0000000000000000e+00 	 3.9125784437122670e+03

	 0.172414 
	 8.6765834819557369e+08 	 6.3933792606383428e+07 	 0.0000000000000000e+00 	 0.0000000000000000e+00 	 0.0000000000000000e+00 	 -1.6033796516708879e+07
	 6.3933792606278822e+07 	 1.8148671475263081e+09 	 0.0000000000000000e+00 	 0.0000000000000000e+00 	 0.0000000000000000e+00 	 6.5044466354936428e+07
	 0.0000000000000000e+00 	 0.0000000000000000e+00 	 1.3921244327796432e+10 	 8.8953177636189194e+09 	 -3.1497051354650593e+08 	 0.0000000000000000e+00
	 0.0000000000000000e+00 	 0.0000000000000000e+00 	 8.8953177636173344e+09 	 3.8543898444285263e+10 	 -1.7801700854508414e+09 	 0.0000000000000000e+00
	 0.0000000000000000e+00 	 0.0000000000000000e+00 	 -3.1497051354690963e+08 	 -1.7801700854511628e+09 	 1.2325138604528358e+10 	 0.0000000000000000e+00
	 -1.6033796516813897e+07 	 6.5044466354937345e+07 	 0.0000000000000000e+00 	 0.0000000000000000e+00 	 0.0000000000000000e+00 	 5.7016788007190580e+09

	 9.2659560528630834e+02 	 0.0000000000000000e+00 	 0.0000000000000000e+00 	 0.0000000000000000e+00 	 0.0000000000000000e+00 	 -5.1591879037496699e+02
	 0.0000000000000000e+00 	 9.2659560528630834e+02 	 0.0000000000000000e+00 	 0.0000000000000000e+00 	 0.0000000000000000e+00 	 2.1886206061250988e+01
	 0.0000000000000000e+00 	 0.0000000000000000e+00 	 9.2659560528630834e+02 	 5.1591879037496699e+02 	 -2.1886206061250988e+01 	 0.0000000000000000e+00
	 0.0000000000000000e+00 	 0.0000000000000000e+00 	 5.1591879037496699e+02 	 2.3337334563493291e+03 	 -9.8894377426700544e+01 	 0.0000000000000000e+00
	 0.0000000000000000e+00 	 0.0000000000000000e+00 	 -2.1886206061250988e+01 	 -9.8894377426700544e+01 	 7.7470036560888752e+02 	 0.0000000000000000e+00
	 -5.1591879037496699e+02 	 2.1886206061250988e+01 	 0.0000000000000000e+00 	 0.0000000000000000e+00 	 0.0000000000000000e+00 	 3.1084338219582223e+03

	 0.206897 
	 5.7766104755747712e+08 	 4.6793301245206609e+07 	 0.0000000000000000e+00 	 0.0000000000000000e+00 	 0.0000000000000000e+00 	 3.2476845385410268e+07
	 4.6793301244848594e+07 	 1.3418841223434446e+09 	 0.0000000000000000e+00 	 0.0000000000000000e+00 	 0.0000000000000000e+00 	 6.1761551502873443e+07
	 0.0000000000000000e+00 	 0.0000000000000000e+00 	 1.2423182136489080e+10 	 9.3523981971163578e+09 	 -3.4159431432006103e+08 	 0.0000000000000000e+00
	 0.0000000000000000e+00 	 0.0000000000000000e+00 	 9.3523981971165581e+09 	 3.7354758860060181e+10 	 -1.4876281050388455e+09 	 0.0000000000000000e+00
	 0.0000000000000000e+00 	 0.0000000000000000e+00 	 -3.4159431432016653e+08 	 -1.4876281050385792e+09 	 8.7065526078912354e+09 	 0.0000000000000000e+00
	 3.2476845385489088e+07 	 6.1761551502826460e+07 	 0.0000000000000000e+00 	 0.0000000000000000e+00 	 0.0000000000000000e+00 	 3.2099243437898088e+09

	 7.9355306792619638e+02 	 0.0000000000000000e+00 	 0.0000000000000000e+00 	 0.0000000000000000e+00 	 0.0000000000000000e+00 	 -5.3332953860273824e+02
	 0.0000000000000000e+00 	 7.9355306792619638e+02 	 0.0000000000000000e+00 	 0.0000000000000000e+00 	 0.0000000000000000e+00 	 2.3186869012763839e+01
	 0.0000000000000000e+00 	 0.0000000000000000e+00 	 7.9355306792619638e+02 	 5.3332953860273824e+02 	 -2.3186869012763839e+01 	 0.0000000000000000e+00
	 0.0000000000000000e+00 	 0.0000000000000000e+00 	 5.3332953860273824e+02 	 2.1712682822818419e+03 	 -8.3245122248141513e+01 	 0.0000000000000000e+00
	 0.0000000000000000e+00 	 0.0000000000000000e+00 	 -2.3186869012763839e+01 	 -8.3245122248141513e+01 	 5.1894125565184584e+02 	 0.0000000000000000e+00
	 -5.3332953860273824e+02 	 2.3186869012763839e+01 	 0.0000000000000000e+00 	 0.0000000000000000e+00 	 0.0000000000000000e+00 	 2.6902095379336874e+03

	 0.241379 
	 4.0010816494798553e+08 	 2.7207529419110231e+07 	 0.0000000000000000e+00 	 0.0000000000000000e+00 	 0.0000000000000000e+00 	 5.3189300936522320e+07
	 2.7207529418842372e+07 	 9.9418666793076706e+08 	 0.0000000000000000e+00 	 0.0000000000000000e+00 	 0.0000000000000000e+00 	 5.9186030110467508e+07
	 0.0000000000000000e+00 	 0.0000000000000000e+00 	 1.1786462619474936e+10 	 9.9411939593821125e+09 	 -3.6570484040000308e+08 	 0.0000000000000000e+00
	 0.0000000000000000e+00 	 0.0000000000000000e+00 	 9.9411939593825169e+09 	 3.8522971010676086e+10 	 -1.2057170539388676e+09 	 0.0000000000000000e+00
	 0.0000000000000000e+00 	 0.0000000000000000e+00 	 -3.6570484039934438e+08 	 -1.2057170539386284e+09 	 6.2663710382821054e+09 	 0.0000000000000000e+00
	 5.3189300936447233e+07 	 5.9186030110212632e+07 	 0.0000000000000000e+00 	 0.0000000000000000e+00 	 0.0000000000000000e+00 	 1.7467977276974466e+09

	 7.1852149640198002e+02 	 0.0000000000000000e+00 	 0.0000000000000000e+00 	 0.0000000000000000e+00 	 0.0000000000000000e+00 	 -5.5261531368272085e+02
	 0.0000000000000000e+00 	 7.1852149640198002e+02 	 0.0000000000000000e+00 	 0.0000000000000000e+00 	 0.0000000000000000e+00 	 2.4322642487628357e+01
	 0.0000000000000000e+00 	 0.0000000000000000e+00 	 7.1852149640198002e+02 	 5.5261531368272085e+02 	 -2.4322642487628357e+01 	 0.0000000000000000e+00
	 0.0000000000000000e+00 	 0.0000000000000000e+00 	 5.5261531368272085e+02 	 2.1436337970134050e+03 	 -6.9006719855601119e+01 	 0.0000000000000000e+00
	 0.0000000000000000e+00 	 0.0000000000000000e+00 	 -2.4322642487628357e+01 	 -6.9006719855601119e+01 	 3.5408484041614798e+02 	 0.0000000000000000e+00
	 -5.5261531368272085e+02 	 2.4322642487628357e+01 	 0.0000000000000000e+00 	 0.0000000000000000e+00 	 0.0000000000000000e+00 	 2.4977186374295534e+03

	 0.275862 
	 3.2552224506485516e+08 	 1.5583995399767814e+07 	 0.0000000000000000e+00 	 0.0000000000000000e+00 	 0.0000000000000000e+00 	 4.2303633273375392e+07
	 1.5583995399560498e+07 	 7.6653354538172889e+08 	 0.0000000000000000e+00 	 0.0000000000000000e+00 	 0.0000000000000000e+00 	 4.8051906870763399e+07
	 0.0000000000000000e+00 	 0.0000000000000000e+00 	 1.1645206610955093e+10 	 1.0105264866760113e+10 	 -3.1733754189060533e+08 	 0.0000000000000000e+00
	 0.0000000000000000e+00 	 0.0000000000000000e+00 	 1.0105264866759861e+10 	 3.8871472624260864e+10 	 -1.0078845905537214e+09 	 0.0000000000000000e+00
	 0.0000000000000000e+00 	 0.0000000000000000e+00 	 -3.1733754189090377e+08 	 -1.0078845905540782e+09 	 5.4499179692568359e+09 	 0.0000000000000000e+00
	 4.2303633273429029e+07 	 4.8051906870695136e+07 	 0.0000000000000000e+00 	 0.0000000000000000e+00 	 0.0000000000000000e+00 	 1.1664200691285768e+09

	 6.8489061570037711e+02 	 0.0000000000000000e+00 	 0.0000000000000000e+00 	 0.0000000000000000e+00 	 0.0000000000000000e+00 	 -5.5433497812361645e+02
	 0.0000000000000000e+00 	 6.8489061570037711e+02 	 0.0000000000000000e+00 	 0.0000000000000000e+00 	 0.0000000000000000e+00 	 2.1021779464785524e+01
	 0.0000000000000000e+00 	 0.0000000000000000e+00 	 6.8489061570037711e+02 	 5.5433497812361645e+02 	 -2.1021779464785524e+01 	 0.0000000000000000e+00
	 0.0000000000000000e+00 	 0.0000000000000000e+00 	 5.5433497812361645e+02 	 2.1085608493838236e+03 	 -5.8686111605019022e+01 	 0.0000000000000000e+00
	 0.0000000000000000e+00 	 0.0000000000000000e+00 	 -2.1021779464785524e+01 	 -5.8686111605019022e+01 	 2.9594844404848624e+02 	 0.0000000000000000e+00
	 -5.5433497812361645e+02 	 2.1021779464785524e+01 	 0.0000000000000000e+00 	 0.0000000000000000e+00 	 0.0000000000000000e+00 	 2.4045092934323170e+03

	 0.310345 
	 2.8236091092526841e+08 	 9.9104869211670719e+06 	 0.0000000000000000e+00 	 0.0000000000000000e+00 	 0.0000000000000000e+00 	 3.1823463574834049e+07
	 9.9104869214901365e+06 	 6.3777980037757039e+08 	 0.0000000000000000e+00 	 0.0000000000000000e+00 	 0.0000000000000000e+00 	 4.0859494163909815e+07
	 0.0000000000000000e+00 	 0.0000000000000000e+00 	 1.1951014571738272e+10 	 1.0646244306752834e+10 	 -2.4680038734060046e+08 	 0.0000000000000000e+00
	 0.0000000000000000e+00 	 0.0000000000000000e+00 	 1.0646244306753145e+10 	 4.0220515312387764e+10 	 -8.7596790695974898e+08 	 0.0000000000000000e+00
	 0.0000000000000000e+00 	 0.0000000000000000e+00 	 -2.4680038734024942e+08 	 -8.7596790695908749e+08 	 4.8860197377411022e+09 	 0.0000000000000000e+00
	 3.1823463574896947e+07 	 4.0859494163956106e+07 	 0.0000000000000000e+00 	 0.0000000000000000e+00 	 0.0000000000000000e+00 	 8.5703112138577652e+08

	 6.7972558668010129e+02 	 0.0000000000000000e+00 	 0.0000000000000000e+00 	 0.0000000000000000e+00 	 0.0000000000000000e+00 	 -5.7247290428803558e+02
	 0.0000000000000000e+00 	 6.7972558668010129e+02 	 0.0000000000000000e+00 	 0.0000000000000000e+00 	 0.0000000000000000e+00 	 1.6546164177458888e+01
	 0.0000000000000000e+00 	 0.0000000000000000e+00 	 6.7972558668010129e+02 	 5.7247290428803558e+02 	 -1.6546164177458888e+01 	 0.0000000000000000e+00
	 0.0000000000000000e+00 	 0.0000000000000000e+00 	 5.7247290428803558e+02 	 2.1255899792116647e+03 	 -5.1080770077211440e+01 	 0.0000000000000000e+00
	 0.0000000000000000e+00 	 0.0000000000000000e+00 	 -1.6546164177458888e+01 	 -5.1080770077211440e+01 	 2.5772412123957565e+02 	 0.0000000000000000e+00
	 -5.7247290428803558e+02 	 1.6546164177458888e+01 	 0.0000000000000000e+00 	 0.0000000000000000e+00 	 0.0000000000000000e+00 	 2.3833141004512363e+03

	 0.344828 
	 2.4634201549574974e+08 	 7.2061574158397848e+06 	 0.0000000000000000e+00 	 0.0000000000000000e+00 	 0.0000000000000000e+00 	 2.5490637273636680e+07
	 7.2061574158557076e+06 	 5.6354657845692348e+08 	 0.0000000000000000e+00 	 0.0000000000000000e+00 	 0.0000000000000000e+00 	 3.0743503321832649e+07
	 0.0000000000000000e+00 	 0.0000000000000000e+00 	 1.1886560762422224e+10 	 9.4182249463695469e+09 	 -1.7307691569794497e+08 	 0.0000000000000000e+00
	 0.0000000000000000e+00 	 0.0000000000000000e+00 	 9.4182249463656693e+09 	 3.4461830418733673e+10 	 -7.2920961990568244e+08 	 0.0000000000000000e+00
	 0.0000000000000000e+00 	 0.0000000000000000e+00 	 -1.7307691569765472e+08 	 -7.2920961990558171e+08 	 4.1450345181307669e+09 	 0.0000000000000000e+00
	 2.5490637273772258e+07 	 3.0743503321720440e+07 	 0.0000000000000000e+00 	 0.0000000000000000e+00 	 0.0000000000000000e+00 	 6.3663612221383500e+08

	 6.6122332404360714e+02 	 0.0000000000000000e+00 	 0.0000000000000000e+00 	 0.0000000000000000e+00 	 0.0000000000000000e+00 	 -5.0959094854949615e+02
	 0.0000000000000000e+00 	 6.6122332404360714e+02 	 0.0000000000000000e+00 	 0.0000000000000000e+00 	 0.0000000000000000e+00 	 1.2052806989670172e+01
	 0.0000000000000000e+00 	 0.0000000000000000e+00 	 6.6122332404360714e+02 	 5.0959094854949615e+02 	 -1.2052806989670172e+01 	 0.0000000000000000e+00
	 0.0000000000000000e+00 	 0.0000000000000000e+00 	 5.0959094854949615e+02 	 1.8222528274094320e+03 	 -4.2585964389100965e+01 	 0.0000000000000000e+00
	 0.0000000000000000e+00 	 0.0000000000000000e+00 	 -1.2052806989670172e+01 	 -4.2585964389100965e+01 	 2.1384043113063015e+02 	 0.0000000000000000e+00
	 -5.0959094854949615e+02 	 1.2052806989670172e+01 	 0.0000000000000000e+00 	 0.0000000000000000e+00 	 0.0000000000000000e+00 	 2.0360932585400581e+03

	 0.379310 
	 2.1425570144950414e+08 	 1.0732171812702917e+07 	 0.0000000000000000e+00 	 0.0000000000000000e+00 	 0.0000000000000000e+00 	 3.3888778420543849e+07
	 1.0732171812628197e+07 	 5.1246959123410857e+08 	 0.0000000000000000e+00 	 0.0000000000000000e+00 	 0.0000000000000000e+00 	 2.1114239034900401e+07
	 0.0000000000000000e+00 	 0.0000000000000000e+00 	 1.1185133505204027e+10 	 6.2679648379817715e+09 	 -2.2257666098112997e+08 	 0.0000000000000000e+00
	 0.0000000000000000e+00 	 0.0000000000000000e+00 	 6.2679648379831018e+09 	 2.2333829497348740e+10 	 -6.2503631873426342e+08 	 0.0000000000000000e+00
	 0.0000000000000000e+00 	 0.0000000000000000e+00 	 -2.2257666098106018e+08 	 -6.2503631873418868e+08 	 3.3239534395374231e+09 	 0.0000000000000000e+00
	 3.3888778420542695e+07 	 2.1114239034677699e+07 	 0.0000000000000000e+00 	 0.0000000000000000e+00 	 0.0000000000000000e+00 	 4.7548729012307709e+08

	 6.1361363747856797e+02 	 0.0000000000000000e+00 	 0.0000000000000000e+00 	 0.0000000000000000e+00 	 0.0000000000000000e+00 	 -3.5324406179459430e+02
	 0.0000000000000000e+00 	 6.1361363747856797e+02 	 0.0000000000000000e+00 	 0.0000000000000000e+00 	 0.0000000000000000e+00 	 1.4240106568391635e+01
	 0.0000000000000000e+00 	 0.0000000000000000e+00 	 6.1361363747856797e+02 	 3.5324406179459430e+02 	 -1.4240106568391635e+01 	 0.0000000000000000e+00
	 0.0000000000000000e+00 	 0.0000000000000000e+00 	 3.5324406179459430e+02 	 1.2192057914932589e+03 	 -3.6172713459801173e+01 	 0.0000000000000000e+00
	 0.0000000000000000e+00 	 0.0000000000000000e+00 	 -1.4240106568391635e+01 	 -3.6172713459801173e+01 	 1.6858178795168223e+02 	 0.0000000000000000e+00
	 -3.5324406179459430e+02 	 1.4240106568391635e+01 	 0.0000000000000000e+00 	 0.0000000000000000e+00 	 0.0000000000000000e+00 	 1.3877875794449305e+03

	 0.413793 
	 1.8531547757617122e+08 	 8.9487285247520842e+06 	 0.0000000000000000e+00 	 0.0000000000000000e+00 	 0.0000000000000000e+00 	 3.4629446571127295e+07
	 8.9487285249284320e+06 	 4.8650552074139959e+08 	 0.0000000000000000e+00 	 0.0000000000000000e+00 	 0.0000000000000000e+00 	 2.9854588408644736e+07
	 0.0000000000000000e+00 	 0.0000000000000000e+00 	 1.1606308384424225e+10 	 7.5437016596085176e+09 	 -3.2007283627543080e+08 	 0.0000000000000000e+00
	 0.0000000000000000e+00 	 0.0000000000000000e+00 	 7.5437016596091404e+09 	 2.5576638144174240e+10 	 -6.1180426207426226e+08 	 0.0000000000000000e+00
	 0.0000000000000000e+00 	 0.0000000000000000e+00 	 -3.2007283627522582e+08 	 -6.1180426207386434e+08 	 2.5570228661057272e+09 	 0.0000000000000000e+00
	 3.4629446571193688e+07 	 2.9854588408937726e+07 	 0.0000000000000000e+00 	 0.0000000000000000e+00 	 0.0000000000000000e+00 	 3.5495744299135983e+08

	 6.1993918504353496e+02 	 0.0000000000000000e+00 	 0.0000000000000000e+00 	 0.0000000000000000e+00 	 0.0000000000000000e+00 	 -4.0296328007134605e+02
	 0.0000000000000000e+00 	 6.1993918504353496e+02 	 0.0000000000000000e+00 	 0.0000000000000000e+00 	 0.0000000000000000e+00 	 1.8574465811395125e+01
	 0.0000000000000000e+00 	 0.0000000000000000e+00 	 6.1993918504353496e+02 	 4.0296328007134605e+02 	 -1.8574465811395125e+01 	 0.0000000000000000e+00
	 0.0000000000000000e+00 	 0.0000000000000000e+00 	 4.0296328007134605e+02 	 1.3343582224210127e+03 	 -3.3979626789620589e+01 	 0.0000000000000000e+00
	 0.0000000000000000e+00 	 0.0000000000000000e+00 	 -1.8574465811395125e+01 	 -3.3979626789620589e+01 	 1.2804835173338452e+02 	 0.0000000000000000e+00
	 -4.0296328007134605e+02 	 1.8574465811395125e+01 	 0.0000000000000000e+00 	 0.0000000000000000e+00 	 0.0000000000000000e+00 	 1.4624065741543968e+03

	 0.448276 
	 1.0190150100604162e+08 	 7.0741171876643486e+06 	 0.0000000000000000e+00 	 0.0000000000000000e+00 	 0.0000000000000000e+00 	 2.5521912699621085e+07
	 7.0741171876302036e+06 	 4.5279749705886757e+08 	 0.0000000000000000e+00 	 0.0000000000000000e+00 	 0.0000000000000000e+00 	 2.9707164802157879e+07
	 0.0000000000000000e+00 	 0.0000000000000000e+00 	 1.0899848963389824e+10 	 6.1492703000753689e+09 	 -3.7312844948721015e+08 	 0.0000000000000000e+00
	 0.0000000000000000e+00 	 0.0000000000000000e+00 	 6.1492703000755100e+09 	 2.0088415267805729e+10 	 -5.0282960040079087e+08 	 0.0000000000000000e+00
	 0.0000000000000000e+00 	 0.0000000000000000e+00 	 -3.7312844948708367e+08 	 -5.0282960040058374e+08 	 1.8842921174212940e+09 	 0.0000000000000000e+00
	 2.5521912699560452e+07 	 2.9707164801859830e+07 	 0.0000000000000000e+00 	 0.0000000000000000e+00 	 0.0000000000000000e+00 	 2.4486418822127479e+08

	 5.6957133261860349e+02 	 0.0000000000000000e+00 	 0.0000000000000000e+00 	 0.0000000000000000e+00 	 0.0000000000000000e+00 	 -3.2852413328474250e+02
	 0.0000000000000000e+00 	 5.6957133261860349e+02 	 0.0000000000000000e+00 	 0.0000000000000000e+00 	 0.0000000000000000e+00 	 2.0631302244085283e+01
	 0.0000000000000000e+00 	 0.0000000000000000e+00 	 5.6957133261860349e+02 	 3.2852413328474250e+02 	 -2.0631302244085283e+01 	 0.0000000000000000e+00
	 0.0000000000000000e+00 	 0.0000000000000000e+00 	 3.2852413328474250e+02 	 1.0443800507605224e+03 	 -2.7694152119383748e+01 	 0.0000000000000000e+00
	 0.0000000000000000e+00 	 0.0000000000000000e+00 	 -2.0631302244085283e+01 	 -2.7694152119383748e+01 	 9.3058946260265557e+01 	 0.0000000000000000e+00
	 -3.2852413328474250e+02 	 2.0631302244085283e+01 	 0.0000000000000000e+00 	 0.0000000000000000e+00 	 0.0000000000000000e+00 	 1.1374389970207856e+03

	 0.482759 
	 9.1338392550645635e+07 	 6.2560357766616009e+06 	 0.0000000000000000e+00 	 0.0000000000000000e+00 	 0.0000000000000000e+00 	 2.3079238090922933e+07
	 6.2560357766073048e+06 	 4.1511553219455016e+08 	 0.0000000000000000e+00 	 0.0000000000000000e+00 	 0.0000000000000000e+00 	 2.7828872250596043e+07
	 0.0000000000000000e+00 	 0.0000000000000000e+00 	 1.0203237755896791e+10 	 5.1501303147800369e+09 	 -3.8903829929504061e+08 	 0.0000000000000000e+00
	 0.0000000000000000e+00 	 0.0000000000000000e+00 	 5.1501303147790651e+09 	 1.6139600693437578e+10 	 -4.0872730349057466e+08 	 0.0000000000000000e+00
	 0.0000000000000000e+00 	 0.0000000000000000e+00 	 -3.8903829929512137e+08 	 -4.0872730349072826e+08 	 1.4976582746965783e+09 	 0.0000000000000000e+00
	 2.3079238090920139e+07 	 2.7828872251281340e+07 	 0.0000000000000000e+00 	 0.0000000000000000e+00 	 0.0000000000000000e+00 	 1.9149806860274711e+08

	 5.2837892832186969e+02 	 0.0000000000000000e+00 	 0.0000000000000000e+00 	 0.0000000000000000e+00 	 0.0000000000000000e+00 	 -2.7433762373351368e+02
	 0.0000000000000000e+00 	 5.2837892832186969e+02 	 0.0000000000000000e+00 	 0.0000000000000000e+00 	 0.0000000000000000e+00 	 2.0883097955853071e+01
	 0.0000000000000000e+00 	 0.0000000000000000e+00 	 5.2837892832186969e+02 	 2.7433762373351368e+02 	 -2.0883097955853071e+01 	 0.0000000000000000e+00
	 0.0000000000000000e+00 	 0.0000000000000000e+00 	 2.7433762373351368e+02 	 8.3592145207764736e+02 	 -2.2245727760058184e+01 	 0.0000000000000000e+00
	 0.0000000000000000e+00 	 0.0000000000000000e+00 	 -2.0883097955853071e+01 	 -2.2245727760058184e+01 	 7.3471883264152865e+01 	 0.0000000000000000e+00
	 -2.7433762373351368e+02 	 2.0883097955853071e+01 	 0.0000000000000000e+00 	 0.0000000000000000e+00 	 0.0000000000000000e+00 	 9.0939333534180150e+02

	 0.517241 
	 8.1020912783923134e+07 	 5.3308546990290266e+06 	 0.0000000000000000e+00 	 0.0000000000000000e+00 	 0.0000000000000000e+00 	 2.0121214748491567e+07
	 5.3308546989832297e+06 	 3.7362386265861791e+08 	 0.0000000000000000e+00 	 0.0000000000000000e+00 	 0.0000000000000000e+00 	 2.5182890429782331e+07
	 0.0000000000000000e+00 	 0.0000000000000000e+00 	 9.3193784540658798e+09 	 4.1075808323404498e+09 	 -3.8348402439973092e+08 	 0.0000000000000000e+00
	 0.0000000000000000e+00 	 0.0000000000000000e+00 	 4.1075808323404269e+09 	 1.2291349478503664e+10 	 -3.1361393102865338e+08 	 0.0000000000000000e+00
	 0.0000000000000000e+00 	 0.0000000000000000e+00 	 -3.8348402439960951e+08 	 -3.1361393102862900e+08 	 1.1582977257542698e+09 	 0.0000000000000000e+00
	 2.0121214748387348e+07 	 2.5182890429744992e+07 	 0.0000000000000000e+00 	 0.0000000000000000e+00 	 0.0000000000000000e+00 	 1.4518744572549450e+08

	 4.7978276155397521e+02 	 0.0000000000000000e+00 	 0.0000000000000000e+00 	 0.0000000000000000e+00 	 0.0000000000000000e+00 	 -2.2060651441701441e+02
	 0.0000000000000000e+00 	 4.7978276155397521e+02 	 0.0000000000000000e+00 	 0.0000000000000000e+00 	 0.0000000000000000e+00 	 2.0220899475474450e+01
	 0.0000000000000000e+00 	 0.0000000000000000e+00 	 4.7978276155397521e+02 	 2.2060651441701441e+02 	 -2.0220899475474450e+01 	 0.0000000000000000e+00
	 0.0000000000000000e+00 	 0.0000000000000000e+00 	 2.2060651441701441e+02 	 6.4042043897343126e+02 	 -1.7070122974957030e+01 	 0.0000000000000000e+00
	 0.0000000000000000e+00 	 0.0000000000000000e+00 	 -2.0220899475474450e+01 	 -1.7070122974957030e+01 	 5.6491770026336553e+01 	 0.0000000000000000e+00
	 -2.2060651441701441e+02 	 2.0220899475474450e+01 	 0.0000000000000000e+00 	 0.0000000000000000e+00 	 0.0000000000000000e+00 	 6.9691220899977145e+02

	 0.551724 
	 7.0830230475130439e+07 	 4.3739505860148547e+06 	 0.0000000000000000e+00 	 0.0000000000000000e+00 	 0.0000000000000000e+00 	 1.6893878007508472e+07
	 4.3739505860006064e+06 	 3.2978672506030226e+08 	 0.0000000000000000e+00 	 0.0000000000000000e+00 	 0.0000000000000000e+00 	 2.2414629838026170e+07
	 0.0000000000000000e+00 	 0.0000000000000000e+00 	 8.3686475268408957e+09 	 3.1895747406514826e+09 	 -3.6371580778090638e+08 	 0.0000000000000000e+00
	 0.0000000000000000e+00 	 0.0000000000000000e+00 	 3.1895747406515174e+09 	 9.0665741757991924e+09 	 -2.3099243917999381e+08 	 0.0000000000000000e+00
	 0.0000000000000000e+00 	 0.0000000000000000e+00 	 -3.6371580778084075e+08 	 -2.3099243917998728e+08 	 8.7561810658906245e+08 	 0.0000000000000000e+00
	 1.6893878007513680e+07 	 2.2414629838017877e+07 	 0.0000000000000000e+00 	 0.0000000000000000e+00 	 0.0000000000000000e+00 	 1.0757207491667126e+08

	 4.2812213902711261e+02 	 0.0000000000000000e+00 	 0.0000000000000000e+00 	 0.0000000000000000e+00 	 0.0000000000000000e+00 	 -1.7208600289395159e+02
	 0.0000000000000000e+00 	 4.2812213902711261e+02 	 0.0000000000000000e+00 	 0.0000000000000000e+00 	 0.0000000000000000e+00 	 1.8948296412996637e+01
	 0.0000000000000000e+00 	 0.0000000000000000e+00 	 4.2812213902711261e+02 	 1.7208600289395159e+02 	 -1.8948296412996637e+01 	 0.0000000000000000e+00
	 0.0000000000000000e+00 	 0.0000000000000000e+00 	 1.7208600289395159e+02 	 4.7358654903105099e+02 	 -1.2651672882837808e+01 	 0.0000000000000000e+00
	 0.0000000000000000e+00 	 0.0000000000000000e+00 	 -1.8948296412996637e+01 	 -1.2651672882837808e+01 	 4.2461785785744631e+01 	 0.0000000000000000e+00
	 -1.7208600289395159e+02 	 1.8948296412996637e+01 	 0.0000000000000000e+00 	 0.0000000000000000e+00 	 0.0000000000000000e+00 	 5.1604833481679566e+02

	 0.586207 
	 6.1268499016735710e+07 	 3.6874839924054760e+06 	 0.0000000000000000e+00 	 0.0000000000000000e+00 	 0.0000000000000000e+00 	 1.3851869246793022e+07
	 3.6874839924339810e+06 	 2.8533956379178226e+08 	 0.0000000000000000e+00 	 0.0000000000000000e+00 	 0.0000000000000000e+00 	 1.9394980967783589e+07
	 0.0000000000000000e+00 	 0.0000000000000000e+00 	 7.4129315147627478e+09 	 2.3801707490594573e+09 	 -3.3582378479026741e+08 	 0.0000000000000000e+00
	 0.0000000000000000e+00 	 0.0000000000000000e+00 	 2.3801707490595803e+09 	 6.4356999891446018e+09 	 -1.6593112026273519e+08 	 0.0000000000000000e+00
	 0.0000000000000000e+00 	 0.0000000000000000e+00 	 -3.3582378479019880e+08 	 -1.6593112026267993e+08 	 6.5044716070775592e+08 	 0.0000000000000000e+00
	 1.3851869246780444e+07 	 1.9394980967779715e+07 	 0.0000000000000000e+00 	 0.0000000000000000e+00 	 0.0000000000000000e+00 	 7.7922737872536764e+07

	 3.7683957247006748e+02 	 0.0000000000000000e+00 	 0.0000000000000000e+00 	 0.0000000000000000e+00 	 0.0000000000000000e+00 	 -1.2961135820338225e+02
	 0.0000000000000000e+00 	 3.7683957247006748e+02 	 0.0000000000000000e+00 	 0.0000000000000000e+00 	 0.0000000000000000e+00 	 1.7324456236746652e+01
	 0.0000000000000000e+00 	 0.0000000000000000e+00 	 3.7683957247006748e+02 	 1.2961135820338225e+02 	 -1.7324456236746652e+01 	 0.0000000000000000e+00
	 0.0000000000000000e+00 	 0.0000000000000000e+00 	 1.2961135820338225e+02 	 3.3789217844947837e+02 	 -9.1778927482334804e+00 	 0.0000000000000000e+00
	 0.0000000000000000e+00 	 0.0000000000000000e+00 	 -1.7324456236746652e+01 	 -9.1778927482334804e+00 	 3.1365381705811163e+01 	 0.0000000000000000e+00
	 -1.2961135820338225e+02 	 1.7324456236746652e+01 	 0.0000000000000000e+00 	 0.0000000000000000e+00 	 0.0000000000000000e+00 	 3.6925756015528998e+02

	 0.620690 
	 5.3545659967827901e+07 	 3.3124187660285044e+06 	 0.0000000000000000e+00 	 0.0000000000000000e+00 	 0.0000000000000000e+00 	 1.1184516445865022e+07
	 3.3124187660265309e+06 	 2.4640341449421847e+08 	 0.0000000000000000e+00 	 0.0000000000000000e+00 	 0.0000000000000000e+00 	 1.6855842123094831e+07
	 0.0000000000000000e+00 	 0.0000000000000000e+00 	 6.5975033331366844e+09 	 1.8450894247132807e+09 	 -3.0605329812744790e+08 	 0.0000000000000000e+00
	 0.0000000000000000e+00 	 0.0000000000000000e+00 	 1.8450894247132773e+09 	 4.7080223205808020e+09 	 -1.2523311404733954e+08 	 0.0000000000000000e+00
	 0.0000000000000000e+00 	 0.0000000000000000e+00 	 -3.0605329812746513e+08 	 -1.2523311404732984e+08 	 4.8843966951517260e+08 	 0.0000000000000000e+00
	 1.1184516445874460e+07 	 1.6855842123122789e+07 	 0.0000000000000000e+00 	 0.0000000000000000e+00 	 0.0000000000000000e+00 	 5.7741963610238120e+07

	 3.3264349938615516e+02 	 0.0000000000000000e+00 	 0.0000000000000000e+00 	 0.0000000000000000e+00 	 0.0000000000000000e+00 	 -1.0060327905639019e+02
	 0.0000000000000000e+00 	 3.3264349938615516e+02 	 0.0000000000000000e+00 	 0.0000000000000000e+00 	 0.0000000000000000e+00 	 1.5631890446547871e+01
	 0.0000000000000000e+00 	 0.0000000000000000e+00 	 3.3264349938615516e+02 	 1.0060327905639019e+02 	 -1.5631890446547871e+01 	 0.0000000000000000e+00
	 0.0000000000000000e+00 	 0.0000000000000000e+00 	 1.0060327905639019e+02 	 2.4670746076305647e+02 	 -6.9468534385501313e+00 	 0.0000000000000000e+00
	 0.0000000000000000e+00 	 0.0000000000000000e+00 	 -1.5631890446547871e+01 	 -6.9468534385501313e+00 	 2.3432069091869419e+01 	 0.0000000000000000e+00
	 -1.0060327905639019e+02 	 1.5631890446547871e+01 	 0.0000000000000000e+00 	 0.0000000000000000e+00 	 0.0000000000000000e+00 	 2.7013952985492563e+02

	 0.655172 
	 4.7356208803734362e+07 	 3.3208879913865789e+06 	 0.0000000000000000e+00 	 0.0000000000000000e+00 	 0.0000000000000000e+00 	 8.9443526396096498e+06
	 3.3208879914099402e+06 	 2.1435811007078388e+08 	 0.0000000000000000e+00 	 0.0000000000000000e+00 	 0.0000000000000000e+00 	 1.5238193539178345e+07
	 0.0000000000000000e+00 	 0.0000000000000000e+00 	 5.8359874177507238e+09 	 1.4779171041657779e+09 	 -2.8624717757330948e+08 	 0.0000000000000000e+00
	 0.0000000000000000e+00 	 0.0000000000000000e+00 	 1.4779171041657670e+09 	 3.5008948704651999e+09 	 -9.8322909717524946e+07 	 0.0000000000000000e+00
	 0.0000000000000000e+00 	 0.0000000000000000e+00 	 -2.8624717757334632e+08 	 -9.8322909717548385e+07 	 3.6544481899665201e+08 	 0.0000000000000000e+00
	 8.9443526395940091e+06 	 1.5238193539204281e+07 	 0.0000000000000000e+00 	 0.0000000000000000e+00 	 0.0000000000000000e+00 	 4.3731203977596849e+07

	 2.9225433283585130e+02 	 0.0000000000000000e+00 	 0.0000000000000000e+00 	 0.0000000000000000e+00 	 0.0000000000000000e+00 	 -7.9926895247623051e+01
	 0.0000000000000000e+00 	 2.9225433283585130e+02 	 0.0000000000000000e+00 	 0.0000000000000000e+00 	 0.0000000000000000e+00 	 1.4379835480876576e+01
	 0.0000000000000000e+00 	 0.0000000000000000e+00 	 2.9225433283585130e+02 	 7.9926895247623051e+01 	 -1.4379835480876576e+01 	 0.0000000000000000e+00
	 0.0000000000000000e+00 	 0.0000000000000000e+00 	 7.9926895247623051e+01 	 1.8215158422409777e+02 	 -5.4051910902611473e+00 	 0.0000000000000000e+00
	 0.0000000000000000e+00 	 0.0000000000000000e+00 	 -1.4379835480876576e+01 	 -5.4051910902611473e+00 	 1.7465435068688322e+01 	 0.0000000000000000e+00
	 -7.9926895247623051e+01 	 1.4379835480876576e+01 	 0.0000000000000000e+00 	 0.0000000000000000e+00 	 0.0000000000000000e+00 	 1.9961701929278667e+02

	 0.689655 
	 4.1887163876343690e+07 	 3.3944413890474052e+06 	 0.0000000000000000e+00 	 0.0000000000000000e+00 	 0.0000000000000000e+00 	 7.0977561378756557e+06
	 3.3944413890498537e+06 	 1.9108641831980929e+08 	 0.0000000000000000e+00 	 0.0000000000000000e+00 	 0.0000000000000000e+00 	 1.3989768596749501e+07
	 0.0000000000000000e+00 	 0.0000000000000000e+00 	 5.0937463942506027e+09 	 1.1952841453647850e+09 	 -2.6050929847865188e+08 	 0.0000000000000000e+00
	 0.0000000000000000e+00 	 0.0000000000000000e+00 	 1.1952841453647978e+09 	 2.5865505626933427e+09 	 -7.7331166213765785e+07 	 0.0000000000000000e+00
	 0.0000000000000000e+00 	 0.0000000000000000e+00 	 -2.6050929847870138e+08 	 -7.7331166213777691e+07 	 2.6509727487698090e+08 	 0.0000000000000000e+00
	 7.0977561378857270e+06 	 1.3989768596761035e+07 	 0.0000000000000000e+00 	 0.0000000000000000e+00 	 0.0000000000000000e+00 	 3.3367867846378822e+07

	 2.5361268816208229e+02 	 0.0000000000000000e+00 	 0.0000000000000000e+00 	 0.0000000000000000e+00 	 0.0000000000000000e+00 	 -6.3722412322167052e+01
	 0.0000000000000000e+00 	 2.5361268816208229e+02 	 0.0000000000000000e+00 	 0.0000000000000000e+00 	 0.0000000000000000e+00 	 1.2880955896845169e+01
	 0.0000000000000000e+00 	 0.0000000000000000e+00 	 2.5361268816208229e+02 	 6.3722412322167052e+01 	 -1.2880955896845169e+01 	 0.0000000000000000e+00
	 0.0000000000000000e+00 	 0.0000000000000000e+00 	 6.3722412322167052e+01 	 1.3331013715873789e+02 	 -4.1697532774203347e+00 	 0.0000000000000000e+00
	 0.0000000000000000e+00 	 0.0000000000000000e+00 	 -1.2880955896845169e+01 	 -4.1697532774203347e+00 	 1.2634808367600987e+01 	 0.0000000000000000e+00
	 -6.3722412322167052e+01 	 1.2880955896845169e+01 	 0.0000000000000000e+00 	 0.0000000000000000e+00 	 0.0000000000000000e+00 	 1.4594494552633890e+02

	 0.724138 
	 3.6670790342701398e+07 	 3.0607624553493033e+06 	 0.0000000000000000e+00 	 0.0000000000000000e+00 	 0.0000000000000000e+00 	 5.0376944251002967e+06
	 3.0607624553118562e+06 	 1.7127797078711340e+08 	 0.0000000000000000e+00 	 0.0000000000000000e+00 	 0.0000000000000000e+00 	 1.2017408560995387e+07
	 0.0000000000000000e+00 	 0.0000000000000000e+00 	 4.2875920045973086e+09 	 9.8513791326411855e+08 	 -2.1143837085263851e+08 	 0.0000000000000000e+00
	 0.0000000000000000e+00 	 0.0000000000000000e+00 	 9.8513791326416647e+08 	 1.8704552545319541e+09 	 -5.9742020480758555e+07 	 0.0000000000000000e+00
	 0.0000000000000000e+00 	 0.0000000000000000e+00 	 -2.1143837085266808e+08 	 -5.9742020480779842e+07 	 1.8131954660029829e+08 	 0.0000000000000000e+00
	 5.0376944251031745e+06 	 1.2017408560991712e+07 	 0.0000000000000000e+00 	 0.0000000000000000e+00 	 0.0000000000000000e+00 	 2.4909147288221970e+07

