 ------- BEAMDYN V1.00.* INDIVIDUAL BLADE INPUT FILE --------------------------
 Test Format 1
 ---------------------- BLADE PARAMETERS --------------------------------------
30   station_total    - Number of blade input stations (-)
 1   damp_type        - Damping type: 0: no damping; 1: damped
  ---------------------- DAMPING COEFFICIENT------------------------------------
   mu1        mu2        mu3        mu4        mu5        mu6
   (-)        (-)        (-)        (-)        (-)        (-)
  0.01754529    0.011830212    0.011830212    0.011830212    0.01754529    0.011830212  
 ---------------------- DISTRIBUTED PROPERTIES---------------------------------
	 0.000000 
	 4.7038616127679806e+09 	 -3.9296982311309461e+04 	 0.0000000000000000e+00 	 0.0000000000000000e+00 	 0.0000000000000000e+00 	 4.3980919386660235e+03
	 -3.9296982220957900e+04 	 4.7038383745091810e+09 	 0.0000000000000000e+00 	 0.0000000000000000e+00 	 0.0000000000000000e+00 	 -9.8228052648772082e+03
	 0.0000000000000000e+00 	 0.0000000000000000e+00 	 3.2143086274862774e+10 	 -3.0143266737041326e+04 	 6.7115766385864918e+04 	 0.0000000000000000e+00
	 0.0000000000000000e+00 	 0.0000000000000000e+00 	 -3.0143265138567058e+04 	 7.8380432369686600e+10 	 6.5511812893048394e+05 	 0.0000000000000000e+00
	 0.0000000000000000e+00 	 0.0000000000000000e+00 	 6.7115766237427699e+04 	 6.5511812958698149e+05 	 7.8380819315929855e+10 	 0.0000000000000000e+00
	 4.3980919369491412e+03 	 -9.8228052657606877e+03 	 0.0000000000000000e+00 	 0.0000000000000000e+00 	 0.0000000000000000e+00 	 4.5851032160458549e+10

	 2.2243160139927381e+03 	 0.0000000000000000e+00 	 0.0000000000000000e+00 	 0.0000000000000000e+00 	 0.0000000000000000e+00 	 2.0856585566781660e-03
	 0.0000000000000000e+00 	 2.2243160139927381e+03 	 0.0000000000000000e+00 	 0.0000000000000000e+00 	 0.0000000000000000e+00 	 -4.6444791482143852e-03
	 0.0000000000000000e+00 	 0.0000000000000000e+00 	 2.2243160139927381e+03 	 -2.0856585566781660e-03 	 4.6444791482143852e-03 	 0.0000000000000000e+00
	 0.0000000000000000e+00 	 0.0000000000000000e+00 	 -2.0856585566781660e-03 	 5.4252214043332424e+03 	 4.5339967405021192e-02 	 0.0000000000000000e+00
	 0.0000000000000000e+00 	 0.0000000000000000e+00 	 4.6444791482143852e-03 	 4.5339967405021192e-02 	 5.4252481856162285e+03 	 0.0000000000000000e+00
	 2.0856585566781660e-03 	 -4.6444791482143852e-03 	 0.0000000000000000e+00 	 0.0000000000000000e+00 	 0.0000000000000000e+00 	 1.0850469589949456e+04

	 0.034483 
	 3.5605910613843408e+09 	 -2.9384181154917765e+07 	 0.0000000000000000e+00 	 0.0000000000000000e+00 	 0.0000000000000000e+00 	 -2.1680038061067268e+08
	 -2.9384181155127618e+07 	 3.8909404453485322e+09 	 0.0000000000000000e+00 	 0.0000000000000000e+00 	 0.0000000000000000e+00 	 6.9208289946009535e+06
	 0.0000000000000000e+00 	 0.0000000000000000e+00 	 2.8149995772047066e+10 	 1.4768073736328783e+09 	 3.8209870530923110e+08 	 0.0000000000000000e+00
	 0.0000000000000000e+00 	 0.0000000000000000e+00 	 1.4768073736324241e+09 	 6.2710107010511276e+10 	 -3.8229474755458331e+09 	 0.0000000000000000e+00
	 0.0000000000000000e+00 	 0.0000000000000000e+00 	 3.8209870530963266e+08 	 -3.8229474755464954e+09 	 6.8177801117788086e+10 	 0.0000000000000000e+00
	 -2.1680038061068922e+08 	 6.9208289945978019e+06 	 0.0000000000000000e+00 	 0.0000000000000000e+00 	 0.0000000000000000e+00 	 3.4805313118573761e+10

	 1.7840091626605013e+03 	 0.0000000000000000e+00 	 0.0000000000000000e+00 	 0.0000000000000000e+00 	 0.0000000000000000e+00 	 -1.1360644844388599e+02
	 0.0000000000000000e+00 	 1.7840091626605013e+03 	 0.0000000000000000e+00 	 0.0000000000000000e+00 	 0.0000000000000000e+00 	 1.3259350206427540e+00
	 0.0000000000000000e+00 	 0.0000000000000000e+00 	 1.7840091626605013e+03 	 1.1360644844388599e+02 	 -1.3259350206427540e+00 	 0.0000000000000000e+00
	 0.0000000000000000e+00 	 0.0000000000000000e+00 	 1.1360644844388599e+02 	 4.2605419184052771e+03 	 -3.9313597576791203e+01 	 0.0000000000000000e+00
	 0.0000000000000000e+00 	 0.0000000000000000e+00 	 -1.3259350206427540e+00 	 -3.9313597576791203e+01 	 4.0652169672011346e+03 	 0.0000000000000000e+00
	 -1.1360644844388599e+02 	 1.3259350206427540e+00 	 0.0000000000000000e+00 	 0.0000000000000000e+00 	 0.0000000000000000e+00 	 8.3257588856063885e+03

	 0.068966 
	 2.4535633820029087e+09 	 -3.0766378902377237e+07 	 0.0000000000000000e+00 	 0.0000000000000000e+00 	 0.0000000000000000e+00 	 -3.9125941403668523e+08
	 -3.0766378902518425e+07 	 3.2222394482927351e+09 	 0.0000000000000000e+00 	 0.0000000000000000e+00 	 0.0000000000000000e+00 	 6.6747132097795732e+07
	 0.0000000000000000e+00 	 0.0000000000000000e+00 	 2.4940830711706440e+10 	 5.9538347754653206e+09 	 -3.6227298762648499e+08 	 0.0000000000000000e+00
	 0.0000000000000000e+00 	 0.0000000000000000e+00 	 5.9538347754651470e+09 	 5.5309685852813324e+10 	 -4.8116997755667715e+09 	 0.0000000000000000e+00
	 0.0000000000000000e+00 	 0.0000000000000000e+00 	 -3.6227298762704164e+08 	 -4.8116997755672321e+09 	 4.9063138968995155e+10 	 0.0000000000000000e+00
	 -3.9125941403674775e+08 	 6.6747132097807728e+07 	 0.0000000000000000e+00 	 0.0000000000000000e+00 	 0.0000000000000000e+00 	 2.3480723034864063e+10

	 1.4559459139746291e+03 	 0.0000000000000000e+00 	 0.0000000000000000e+00 	 0.0000000000000000e+00 	 0.0000000000000000e+00 	 -3.3157897790247995e+02
	 0.0000000000000000e+00 	 1.4559459139746291e+03 	 0.0000000000000000e+00 	 0.0000000000000000e+00 	 0.0000000000000000e+00 	 7.5071080524163278e+00
	 0.0000000000000000e+00 	 0.0000000000000000e+00 	 1.4559459139746291e+03 	 3.3157897790247995e+02 	 -7.5071080524163278e+00 	 0.0000000000000000e+00
	 0.0000000000000000e+00 	 0.0000000000000000e+00 	 3.3157897790247995e+02 	 3.5657423403380967e+03 	 -5.0550451807994598e+01 	 0.0000000000000000e+00
	 0.0000000000000000e+00 	 0.0000000000000000e+00 	 -7.5071080524163278e+00 	 -5.0550451807994598e+01 	 2.6052514229145754e+03 	 0.0000000000000000e+00
	 -3.3157897790247995e+02 	 7.5071080524163278e+00 	 0.0000000000000000e+00 	 0.0000000000000000e+00 	 0.0000000000000000e+00 	 6.1709937632526835e+03

	 0.103448 
	 2.0017740547084072e+09 	 1.0318287623528156e+08 	 0.0000000000000000e+00 	 0.0000000000000000e+00 	 0.0000000000000000e+00 	 -3.5625562960549390e+08
	 1.0318287623542474e+08 	 2.7051038637650905e+09 	 0.0000000000000000e+00 	 0.0000000000000000e+00 	 0.0000000000000000e+00 	 8.4447867741179422e+07
	 0.0000000000000000e+00 	 0.0000000000000000e+00 	 2.2413362869938248e+10 	 7.7206835960359726e+09 	 -8.5452543482888877e+08 	 0.0000000000000000e+00
	 0.0000000000000000e+00 	 0.0000000000000000e+00 	 7.7206835960360918e+09 	 4.6606909448246246e+10 	 -5.1737068880827227e+09 	 0.0000000000000000e+00
	 0.0000000000000000e+00 	 0.0000000000000000e+00 	 -8.5452543482920587e+08 	 -5.1737068880830050e+09 	 3.7433048419380569e+10 	 0.0000000000000000e+00
	 -3.5625562960550392e+08 	 8.4447867741212457e+07 	 0.0000000000000000e+00 	 0.0000000000000000e+00 	 0.0000000000000000e+00 	 1.5462355484649887e+10

	 1.2814048628927844e+03 	 0.0000000000000000e+00 	 0.0000000000000000e+00 	 0.0000000000000000e+00 	 0.0000000000000000e+00 	 -4.3050832736754688e+02
	 0.0000000000000000e+00 	 1.2814048628927844e+03 	 0.0000000000000000e+00 	 0.0000000000000000e+00 	 0.0000000000000000e+00 	 1.5173387510586167e+01
	 0.0000000000000000e+00 	 0.0000000000000000e+00 	 1.2814048628927844e+03 	 4.3050832736754688e+02 	 -1.5173387510586167e+01 	 0.0000000000000000e+00
	 0.0000000000000000e+00 	 0.0000000000000000e+00 	 4.3050832736754688e+02 	 2.9434179292421281e+03 	 -9.3041339569979755e+01 	 0.0000000000000000e+00
	 0.0000000000000000e+00 	 0.0000000000000000e+00 	 -1.5173387510586167e+01 	 -9.3041339569979755e+01 	 1.7745109913277665e+03 	 0.0000000000000000e+00
	 -4.3050832736754688e+02 	 1.5173387510586167e+01 	 0.0000000000000000e+00 	 0.0000000000000000e+00 	 0.0000000000000000e+00 	 4.7179289205699069e+03

	 0.137931 
	 1.2908545117059312e+09 	 9.1355381490395695e+07 	 0.0000000000000000e+00 	 0.0000000000000000e+00 	 0.0000000000000000e+00 	 -1.8708344669577974e+08
	 9.1355381490226269e+07 	 2.1282744800128546e+09 	 0.0000000000000000e+00 	 0.0000000000000000e+00 	 0.0000000000000000e+00 	 9.2111785534510985e+07
	 0.0000000000000000e+00 	 0.0000000000000000e+00 	 2.0012168648489807e+10 	 8.5480295648386087e+09 	 -1.0829129971652029e+09 	 0.0000000000000000e+00
	 0.0000000000000000e+00 	 0.0000000000000000e+00 	 8.5480295648389063e+09 	 3.8337513448506134e+10 	 -4.2116108636347742e+09 	 0.0000000000000000e+00
	 0.0000000000000000e+00 	 0.0000000000000000e+00 	 -1.0829129971652427e+09 	 -4.2116108636347890e+09 	 2.6324389841075241e+10 	 0.0000000000000000e+00
	 -1.8708344669583675e+08 	 9.2111785534385562e+07 	 0.0000000000000000e+00 	 0.0000000000000000e+00 	 0.0000000000000000e+00 	 8.8866261405412579e+09

	 1.0086571269707820e+03 	 0.0000000000000000e+00 	 0.0000000000000000e+00 	 0.0000000000000000e+00 	 0.0000000000000000e+00 	 -4.7648572229678678e+02
	 0.0000000000000000e+00 	 1.0086571269707820e+03 	 0.0000000000000000e+00 	 0.0000000000000000e+00 	 0.0000000000000000e+00 	 1.8440599356122529e+01
	 0.0000000000000000e+00 	 0.0000000000000000e+00 	 1.0086571269707820e+03 	 4.7648572229678678e+02 	 -1.8440599356122529e+01 	 0.0000000000000000e+00
	 0.0000000000000000e+00 	 0.0000000000000000e+00 	 4.7648572229678678e+02 	 2.3515091412168090e+03 	 -7.3845239766092291e+01 	 0.0000000000000000e+00
	 0.0000000000000000e+00 	 0.0000000000000000e+00 	 -1.8440599356122529e+01 	 -7.3845239766092291e+01 	 1.0238220975764236e+03 	 0.0000000000000000e+00
	 -4.7648572229678678e+02 	 1.8440599356122529e+01 	 0.0000000000000000e+00 	 0.0000000000000000e+00 	 0.0000000000000000e+00 	 3.3753312387932237e+03

	 0.172414 
	 8.3564613112525034e+08 	 8.0707864395238653e+07 	 0.0000000000000000e+00 	 0.0000000000000000e+00 	 0.0000000000000000e+00 	 -1.9406340610407222e+07
	 8.0707864395261914e+07 	 1.6776266664106252e+09 	 0.0000000000000000e+00 	 0.0000000000000000e+00 	 0.0000000000000000e+00 	 8.2067008629303023e+07
	 0.0000000000000000e+00 	 0.0000000000000000e+00 	 1.8705087209748455e+10 	 8.6446819890849438e+09 	 -1.0986875339011345e+09 	 0.0000000000000000e+00
	 0.0000000000000000e+00 	 0.0000000000000000e+00 	 8.6446819890849018e+09 	 3.3176862557826843e+10 	 -2.9385724378671346e+09 	 0.0000000000000000e+00
	 0.0000000000000000e+00 	 0.0000000000000000e+00 	 -1.0986875339010468e+09 	 -2.9385724378668723e+09 	 1.8049914483482601e+10 	 0.0000000000000000e+00
	 -1.9406340610458713e+07 	 8.2067008629327714e+07 	 0.0000000000000000e+00 	 0.0000000000000000e+00 	 0.0000000000000000e+00 	 4.7601938054019194e+09

	 8.2906546298459364e+02 	 0.0000000000000000e+00 	 0.0000000000000000e+00 	 0.0000000000000000e+00 	 0.0000000000000000e+00 	 -4.9144990493885211e+02
	 0.0000000000000000e+00 	 8.2906546298459364e+02 	 0.0000000000000000e+00 	 0.0000000000000000e+00 	 0.0000000000000000e+00 	 2.0106607217043432e+01
	 0.0000000000000000e+00 	 0.0000000000000000e+00 	 8.2906546298459364e+02 	 4.9144990493885211e+02 	 -2.0106607217043432e+01 	 0.0000000000000000e+00
	 0.0000000000000000e+00 	 0.0000000000000000e+00 	 4.9144990493885211e+02 	 1.9874371232201911e+03 	 -6.0817543343332254e+01 	 0.0000000000000000e+00
	 0.0000000000000000e+00 	 0.0000000000000000e+00 	 -2.0106607217043432e+01 	 -6.0817543343332254e+01 	 5.7703158099034590e+02 	 0.0000000000000000e+00
	 -4.9144990493885211e+02 	 2.0106607217043432e+01 	 0.0000000000000000e+00 	 0.0000000000000000e+00 	 0.0000000000000000e+00 	 2.5644687042105347e+03

	 0.206897 
	 6.2076684137566221e+08 	 6.0708512340039261e+07 	 0.0000000000000000e+00 	 0.0000000000000000e+00 	 0.0000000000000000e+00 	 9.0168367823278941e+06
	 6.0708512340149209e+07 	 1.3064989218115776e+09 	 0.0000000000000000e+00 	 0.0000000000000000e+00 	 0.0000000000000000e+00 	 6.7425353567310825e+07
	 0.0000000000000000e+00 	 0.0000000000000000e+00 	 1.8009234971476009e+10 	 8.8580457751308079e+09 	 -1.1161775900306008e+09 	 0.0000000000000000e+00
	 0.0000000000000000e+00 	 0.0000000000000000e+00 	 8.8580457751309872e+09 	 3.1046434919874874e+10 	 -2.0563365634905071e+09 	 0.0000000000000000e+00
	 0.0000000000000000e+00 	 0.0000000000000000e+00 	 -1.1161775900308678e+09 	 -2.0563365634905949e+09 	 1.4489889700993984e+10 	 0.0000000000000000e+00
	 9.0168367824095562e+06 	 6.7425353567308351e+07 	 0.0000000000000000e+00 	 0.0000000000000000e+00 	 0.0000000000000000e+00 	 2.9730241999508123e+09

	 7.1296011553147082e+02 	 0.0000000000000000e+00 	 0.0000000000000000e+00 	 0.0000000000000000e+00 	 0.0000000000000000e+00 	 -5.0624005784158936e+02
	 0.0000000000000000e+00 	 7.1296011553147082e+02 	 0.0000000000000000e+00 	 0.0000000000000000e+00 	 0.0000000000000000e+00 	 2.0821420908981057e+01
	 0.0000000000000000e+00 	 0.0000000000000000e+00 	 7.1296011553147082e+02 	 5.0624005784158936e+02 	 -2.0821420908981057e+01 	 0.0000000000000000e+00
	 0.0000000000000000e+00 	 0.0000000000000000e+00 	 5.0624005784158936e+02 	 1.8119684529738872e+03 	 -5.0518695897185381e+01 	 0.0000000000000000e+00
	 0.0000000000000000e+00 	 0.0000000000000000e+00 	 -2.0821420908981057e+01 	 -5.0518695897185381e+01 	 3.9257737629568516e+02 	 0.0000000000000000e+00
	 -5.0624005784158936e+02 	 2.0821420908981057e+01 	 0.0000000000000000e+00 	 0.0000000000000000e+00 	 0.0000000000000000e+00 	 2.2045458292695712e+03

	 0.241379 
	 4.8580358150181472e+08 	 3.8267985134051114e+07 	 0.0000000000000000e+00 	 0.0000000000000000e+00 	 0.0000000000000000e+00 	 1.8385081829605870e+07
	 3.8267985134109847e+07 	 1.0249402273294142e+09 	 0.0000000000000000e+00 	 0.0000000000000000e+00 	 0.0000000000000000e+00 	 5.5139777675503947e+07
	 0.0000000000000000e+00 	 0.0000000000000000e+00 	 1.7497506291326183e+10 	 8.8880154693465424e+09 	 -1.0566718341102926e+09 	 0.0000000000000000e+00
	 0.0000000000000000e+00 	 0.0000000000000000e+00 	 8.8880154693467751e+09 	 2.9870333650526428e+10 	 -1.3413529457787168e+09 	 0.0000000000000000e+00
	 0.0000000000000000e+00 	 0.0000000000000000e+00 	 -1.0566718341102366e+09 	 -1.3413529457787421e+09 	 1.2000791553531965e+10 	 0.0000000000000000e+00
	 1.8385081829633247e+07 	 5.5139777675435401e+07 	 0.0000000000000000e+00 	 0.0000000000000000e+00 	 0.0000000000000000e+00 	 1.9463774927988422e+09

	 6.2921519906786966e+02 	 0.0000000000000000e+00 	 0.0000000000000000e+00 	 0.0000000000000000e+00 	 0.0000000000000000e+00 	 -5.0821103559154074e+02
	 0.0000000000000000e+00 	 6.2921519906786966e+02 	 0.0000000000000000e+00 	 0.0000000000000000e+00 	 0.0000000000000000e+00 	 2.0714794878285446e+01
	 0.0000000000000000e+00 	 0.0000000000000000e+00 	 6.2921519906786966e+02 	 5.0821103559154074e+02 	 -2.0714794878285446e+01 	 0.0000000000000000e+00
	 0.0000000000000000e+00 	 0.0000000000000000e+00 	 5.0821103559154074e+02 	 1.7044548553232457e+03 	 -4.2226012027424368e+01 	 0.0000000000000000e+00
	 0.0000000000000000e+00 	 0.0000000000000000e+00 	 -2.0714794878285446e+01 	 -4.2226012027424368e+01 	 2.8382915568426432e+02 	 0.0000000000000000e+00
	 -5.0821103559154074e+02 	 2.0714794878285446e+01 	 0.0000000000000000e+00 	 0.0000000000000000e+00 	 0.0000000000000000e+00 	 1.9882840110075047e+03

	 0.275862 
	 3.8413299520850885e+08 	 2.2565934770798441e+07 	 0.0000000000000000e+00 	 0.0000000000000000e+00 	 0.0000000000000000e+00 	 2.8519929209794480e+07
	 2.2565934770712413e+07 	 8.1811780561095226e+08 	 0.0000000000000000e+00 	 0.0000000000000000e+00 	 0.0000000000000000e+00 	 4.7302573739118472e+07
	 0.0000000000000000e+00 	 0.0000000000000000e+00 	 1.6958669174745485e+10 	 9.0593546938869095e+09 	 -9.0557632568701446e+08 	 0.0000000000000000e+00
	 0.0000000000000000e+00 	 0.0000000000000000e+00 	 9.0593546938872242e+09 	 2.9900890441513313e+10 	 -9.4865005027810574e+08 	 0.0000000000000000e+00
	 0.0000000000000000e+00 	 0.0000000000000000e+00 	 -9.0557632568703532e+08 	 -9.4865005027803063e+08 	 9.5796231343025761e+09 	 0.0000000000000000e+00
	 2.8519929209653534e+07 	 4.7302573739195339e+07 	 0.0000000000000000e+00 	 0.0000000000000000e+00 	 0.0000000000000000e+00 	 1.2572242340863006e+09

	 5.6679964583767696e+02 	 0.0000000000000000e+00 	 0.0000000000000000e+00 	 0.0000000000000000e+00 	 0.0000000000000000e+00 	 -5.1016565555991554e+02
	 0.0000000000000000e+00 	 5.6679964583767696e+02 	 0.0000000000000000e+00 	 0.0000000000000000e+00 	 0.0000000000000000e+00 	 1.9796851336529699e+01
	 0.0000000000000000e+00 	 0.0000000000000000e+00 	 5.6679964583767696e+02 	 5.1016565555991554e+02 	 -1.9796851336529699e+01 	 0.0000000000000000e+00
	 0.0000000000000000e+00 	 0.0000000000000000e+00 	 5.1016565555991554e+02 	 1.6559013354491112e+03 	 -3.8838700925930155e+01 	 0.0000000000000000e+00
	 0.0000000000000000e+00 	 0.0000000000000000e+00 	 -1.9796851336529699e+01 	 -3.8838700925930155e+01 	 2.0350658646799812e+02 	 0.0000000000000000e+00
	 -5.1016565555991554e+02 	 1.9796851336529699e+01 	 0.0000000000000000e+00 	 0.0000000000000000e+00 	 0.0000000000000000e+00 	 1.8594079219171128e+03

	 0.310345 
	 3.2290249404830372e+08 	 1.7422912971671280e+07 	 0.0000000000000000e+00 	 0.0000000000000000e+00 	 0.0000000000000000e+00 	 3.1517571964728490e+07
	 1.7422912971858781e+07 	 6.7263582711973274e+08 	 0.0000000000000000e+00 	 0.0000000000000000e+00 	 0.0000000000000000e+00 	 3.9322447319383837e+07
	 0.0000000000000000e+00 	 0.0000000000000000e+00 	 1.6264396201806360e+10 	 8.6470829498456020e+09 	 -7.4659978119905460e+08 	 0.0000000000000000e+00
	 0.0000000000000000e+00 	 0.0000000000000000e+00 	 8.6470829498455009e+09 	 2.8364785687701256e+10 	 -8.3216303791381645e+08 	 0.0000000000000000e+00
	 0.0000000000000000e+00 	 0.0000000000000000e+00 	 -7.4659978119902396e+08 	 -8.3216303791393125e+08 	 7.9951252084958630e+09 	 0.0000000000000000e+00
	 3.1517571964779712e+07 	 3.9322447319367014e+07 	 0.0000000000000000e+00 	 0.0000000000000000e+00 	 0.0000000000000000e+00 	 8.8932670417569196e+08

	 5.1649467125386923e+02 	 0.0000000000000000e+00 	 0.0000000000000000e+00 	 0.0000000000000000e+00 	 0.0000000000000000e+00 	 -4.8654448420311110e+02
	 0.0000000000000000e+00 	 5.1649467125386923e+02 	 0.0000000000000000e+00 	 0.0000000000000000e+00 	 0.0000000000000000e+00 	 1.7772405517511118e+01
	 0.0000000000000000e+00 	 0.0000000000000000e+00 	 5.1649467125386923e+02 	 4.8654448420311110e+02 	 -1.7772405517511118e+01 	 0.0000000000000000e+00
	 0.0000000000000000e+00 	 0.0000000000000000e+00 	 4.8654448420311110e+02 	 1.5550727931181489e+03 	 -3.7215992050743999e+01 	 0.0000000000000000e+00
	 0.0000000000000000e+00 	 0.0000000000000000e+00 	 -1.7772405517511118e+01 	 -3.7215992050743999e+01 	 1.5807573514205740e+02 	 0.0000000000000000e+00
	 -4.8654448420311110e+02 	 1.7772405517511118e+01 	 0.0000000000000000e+00 	 0.0000000000000000e+00 	 0.0000000000000000e+00 	 1.7131485282602137e+03

	 0.344828 
	 2.9557409648700851e+08 	 1.3200633906203313e+07 	 0.0000000000000000e+00 	 0.0000000000000000e+00 	 0.0000000000000000e+00 	 2.7184592479716316e+07
	 1.3200633906260787e+07 	 5.9187316861009085e+08 	 0.0000000000000000e+00 	 0.0000000000000000e+00 	 0.0000000000000000e+00 	 3.3674773196928404e+07
	 0.0000000000000000e+00 	 0.0000000000000000e+00 	 1.5813979557743057e+10 	 9.0745991758126984e+09 	 -5.8136544252510035e+08 	 0.0000000000000000e+00
	 0.0000000000000000e+00 	 0.0000000000000000e+00 	 9.0745991758125534e+09 	 2.9854541861544117e+10 	 -7.5768884693173039e+08 	 0.0000000000000000e+00
	 0.0000000000000000e+00 	 0.0000000000000000e+00 	 -5.8136544252503061e+08 	 -7.5768884693168378e+08 	 7.2478609208371477e+09 	 0.0000000000000000e+00
	 2.7184592479730930e+07 	 3.3674773196958423e+07 	 0.0000000000000000e+00 	 0.0000000000000000e+00 	 0.0000000000000000e+00 	 7.4455049477799678e+08

	 4.9456675439288620e+02 	 0.0000000000000000e+00 	 0.0000000000000000e+00 	 0.0000000000000000e+00 	 0.0000000000000000e+00 	 -5.0390616096992375e+02
	 0.0000000000000000e+00 	 4.9456675439288620e+02 	 0.0000000000000000e+00 	 0.0000000000000000e+00 	 0.0000000000000000e+00 	 1.4841173414012317e+01
	 0.0000000000000000e+00 	 0.0000000000000000e+00 	 4.9456675439288620e+02 	 5.0390616096992375e+02 	 -1.4841173414012317e+01 	 0.0000000000000000e+00
	 0.0000000000000000e+00 	 0.0000000000000000e+00 	 5.0390616096992375e+02 	 1.6052225977654780e+03 	 -3.5308685705378529e+01 	 0.0000000000000000e+00
	 0.0000000000000000e+00 	 0.0000000000000000e+00 	 -1.4841173414012317e+01 	 -3.5308685705378529e+01 	 1.3913354457318366e+02 	 0.0000000000000000e+00
	 -5.0390616096992375e+02 	 1.4841173414012317e+01 	 0.0000000000000000e+00 	 0.0000000000000000e+00 	 0.0000000000000000e+00 	 1.7443561423386764e+03

	 0.379310 
	 2.7477237083664966e+08 	 1.2270477650254473e+07 	 0.0000000000000000e+00 	 0.0000000000000000e+00 	 0.0000000000000000e+00 	 2.6400343407021903e+07
	 1.2270477650563831e+07 	 5.4747241907417500e+08 	 0.0000000000000000e+00 	 0.0000000000000000e+00 	 0.0000000000000000e+00 	 2.5777418379150786e+07
	 0.0000000000000000e+00 	 0.0000000000000000e+00 	 1.4897100406743021e+10 	 7.9082821284755325e+09 	 -4.1374451036921430e+08 	 0.0000000000000000e+00
	 0.0000000000000000e+00 	 0.0000000000000000e+00 	 7.9082821284759235e+09 	 2.5984776288869621e+10 	 -6.7527828862813568e+08 	 0.0000000000000000e+00
	 0.0000000000000000e+00 	 0.0000000000000000e+00 	 -4.1374451036923975e+08 	 -6.7527828862807429e+08 	 6.5087637051527634e+09 	 0.0000000000000000e+00
	 2.6400343406951580e+07 	 2.5777418379305232e+07 	 0.0000000000000000e+00 	 0.0000000000000000e+00 	 0.0000000000000000e+00 	 6.5583528380209625e+08

	 4.6063240743083435e+02 	 0.0000000000000000e+00 	 0.0000000000000000e+00 	 0.0000000000000000e+00 	 0.0000000000000000e+00 	 -4.5023858847976601e+02
	 0.0000000000000000e+00 	 4.6063240743083435e+02 	 0.0000000000000000e+00 	 0.0000000000000000e+00 	 0.0000000000000000e+00 	 1.2000590449173695e+01
	 0.0000000000000000e+00 	 0.0000000000000000e+00 	 4.6063240743083435e+02 	 4.5023858847976601e+02 	 -1.2000590449173695e+01 	 0.0000000000000000e+00
	 0.0000000000000000e+00 	 0.0000000000000000e+00 	 4.5023858847976601e+02 	 1.4223624469480228e+03 	 -3.2723369578960259e+01 	 0.0000000000000000e+00
	 0.0000000000000000e+00 	 0.0000000000000000e+00 	 -1.2000590449173695e+01 	 -3.2723369578960259e+01 	 1.2422142000052852e+02 	 0.0000000000000000e+00
	 -4.5023858847976601e+02 	 1.2000590449173695e+01 	 0.0000000000000000e+00 	 0.0000000000000000e+00 	 0.0000000000000000e+00 	 1.5465838669485547e+03

	 0.413793 
	 2.5582756141985422e+08 	 1.0336571703295814e+07 	 0.0000000000000000e+00 	 0.0000000000000000e+00 	 0.0000000000000000e+00 	 2.5205310468070880e+07
	 1.0336571703483630e+07 	 5.3386759565694690e+08 	 0.0000000000000000e+00 	 0.0000000000000000e+00 	 0.0000000000000000e+00 	 2.3869341094806824e+07
	 0.0000000000000000e+00 	 0.0000000000000000e+00 	 1.4202643429877459e+10 	 7.7162421816548939e+09 	 -2.8825371320024717e+08 	 0.0000000000000000e+00
	 0.0000000000000000e+00 	 0.0000000000000000e+00 	 7.7162421816552362e+09 	 2.5223748361363461e+10 	 -6.1743379289723468e+08 	 0.0000000000000000e+00
	 0.0000000000000000e+00 	 0.0000000000000000e+00 	 -2.8825371320058239e+08 	 -6.1743379289728785e+08 	 5.7006486501066895e+09 	 0.0000000000000000e+00
	 2.5205310468044706e+07 	 2.3869341094873369e+07 	 0.0000000000000000e+00 	 0.0000000000000000e+00 	 0.0000000000000000e+00 	 5.8982714737495899e+08

	 4.4329473884062094e+02 	 0.0000000000000000e+00 	 0.0000000000000000e+00 	 0.0000000000000000e+00 	 0.0000000000000000e+00 	 -4.3964339651812293e+02
	 0.0000000000000000e+00 	 4.4329473884062094e+02 	 0.0000000000000000e+00 	 0.0000000000000000e+00 	 0.0000000000000000e+00 	 1.0146576766516588e+01
	 0.0000000000000000e+00 	 0.0000000000000000e+00 	 4.4329473884062094e+02 	 4.3964339651812293e+02 	 -1.0146576766516588e+01 	 0.0000000000000000e+00
	 0.0000000000000000e+00 	 0.0000000000000000e+00 	 4.3964339651812293e+02 	 1.3799763409853797e+03 	 -3.1218503783908062e+01 	 0.0000000000000000e+00
	 0.0000000000000000e+00 	 0.0000000000000000e+00 	 -1.0146576766516588e+01 	 -3.1218503783908062e+01 	 1.0976249689361788e+02 	 0.0000000000000000e+00
	 -4.3964339651812293e+02 	 1.0146576766516588e+01 	 0.0000000000000000e+00 	 0.0000000000000000e+00 	 0.0000000000000000e+00 	 1.4897388378789963e+03

	 0.448276 
	 2.2832962407425168e+08 	 8.0289966669615507e+06 	 0.0000000000000000e+00 	 0.0000000000000000e+00 	 0.0000000000000000e+00 	 2.3152770090887297e+07
	 8.0289966671005860e+06 	 5.2105149995951849e+08 	 0.0000000000000000e+00 	 0.0000000000000000e+00 	 0.0000000000000000e+00 	 2.3208266046295960e+07
	 0.0000000000000000e+00 	 0.0000000000000000e+00 	 1.3543772157621870e+10 	 7.6192652216173506e+09 	 -1.8870894675253770e+08 	 0.0000000000000000e+00
	 0.0000000000000000e+00 	 0.0000000000000000e+00 	 7.6192652216173372e+09 	 2.3834318942882286e+10 	 -5.1310572146399093e+08 	 0.0000000000000000e+00
	 0.0000000000000000e+00 	 0.0000000000000000e+00 	 -1.8870894675244042e+08 	 -5.1310572146411395e+08 	 4.5533266371889048e+09 	 0.0000000000000000e+00
	 2.3152770090905219e+07 	 2.3208266046423338e+07 	 0.0000000000000000e+00 	 0.0000000000000000e+00 	 0.0000000000000000e+00 	 4.8424217644427550e+08

	 4.2385679638579666e+02 	 0.0000000000000000e+00 	 0.0000000000000000e+00 	 0.0000000000000000e+00 	 0.0000000000000000e+00 	 -4.2558791345103486e+02
	 0.0000000000000000e+00 	 4.2385679638579666e+02 	 0.0000000000000000e+00 	 0.0000000000000000e+00 	 0.0000000000000000e+00 	 8.4834695186608897e+00
	 0.0000000000000000e+00 	 0.0000000000000000e+00 	 4.2385679638579666e+02 	 4.2558791345103486e+02 	 -8.4834695186608897e+00 	 0.0000000000000000e+00
	 0.0000000000000000e+00 	 0.0000000000000000e+00 	 4.2558791345103486e+02 	 1.2837466686482041e+03 	 -2.7426118613711420e+01 	 0.0000000000000000e+00
	 0.0000000000000000e+00 	 0.0000000000000000e+00 	 -8.4834695186608897e+00 	 -2.7426118613711420e+01 	 8.7489620812225780e+01 	 0.0000000000000000e+00
	 -4.2558791345103486e+02 	 8.4834695186608897e+00 	 0.0000000000000000e+00 	 0.0000000000000000e+00 	 0.0000000000000000e+00 	 1.3712362894604271e+03

	 0.482759 
	 2.0076691205166310e+08 	 5.9110850693955282e+06 	 0.0000000000000000e+00 	 0.0000000000000000e+00 	 0.0000000000000000e+00 	 2.0507554229829889e+07
	 5.9110850693344288e+06 	 5.0583988181617206e+08 	 0.0000000000000000e+00 	 0.0000000000000000e+00 	 0.0000000000000000e+00 	 2.0559704453931782e+07
	 0.0000000000000000e+00 	 0.0000000000000000e+00 	 1.2674371282337875e+10 	 6.7305542006792650e+09 	 -1.4812910433362758e+08 	 0.0000000000000000e+00
	 0.0000000000000000e+00 	 0.0000000000000000e+00 	 6.7305542006793814e+09 	 1.9963085009036144e+10 	 -3.9305777556644350e+08 	 0.0000000000000000e+00
	 0.0000000000000000e+00 	 0.0000000000000000e+00 	 -1.4812910433362973e+08 	 -3.9305777556642866e+08 	 3.5647489026782851e+09 	 0.0000000000000000e+00
	 2.0507554229789961e+07 	 2.0559704454071973e+07 	 0.0000000000000000e+00 	 0.0000000000000000e+00 	 0.0000000000000000e+00 	 3.8956062728521079e+08

	 3.9359770865549592e+02 	 0.0000000000000000e+00 	 0.0000000000000000e+00 	 0.0000000000000000e+00 	 0.0000000000000000e+00 	 -3.7447372500061300e+02
	 0.0000000000000000e+00 	 3.9359770865549592e+02 	 0.0000000000000000e+00 	 0.0000000000000000e+00 	 0.0000000000000000e+00 	 7.3843692312634932e+00
	 0.0000000000000000e+00 	 0.0000000000000000e+00 	 3.9359770865549592e+02 	 3.7447372500061300e+02 	 -7.3843692312634932e+00 	 0.0000000000000000e+00
	 0.0000000000000000e+00 	 0.0000000000000000e+00 	 3.7447372500061300e+02 	 1.0731012300103630e+03 	 -2.2926448968991270e+01 	 0.0000000000000000e+00
	 0.0000000000000000e+00 	 0.0000000000000000e+00 	 -7.3843692312634932e+00 	 -2.2926448968991270e+01 	 6.8224037244562183e+01 	 0.0000000000000000e+00
	 -3.7447372500061300e+02 	 7.3843692312634932e+00 	 0.0000000000000000e+00 	 0.0000000000000000e+00 	 0.0000000000000000e+00 	 1.1413252672549186e+03

	 0.517241 
	 1.7609114528161144e+08 	 5.4361812864003889e+06 	 0.0000000000000000e+00 	 0.0000000000000000e+00 	 0.0000000000000000e+00 	 1.8141877217103191e+07
	 5.4361812864226485e+06 	 4.8514591264888930e+08 	 0.0000000000000000e+00 	 0.0000000000000000e+00 	 0.0000000000000000e+00 	 1.8898172421050496e+07
	 0.0000000000000000e+00 	 0.0000000000000000e+00 	 1.1703193022750809e+10 	 5.4969173646782875e+09 	 -1.8105358622455984e+08 	 0.0000000000000000e+00
	 0.0000000000000000e+00 	 0.0000000000000000e+00 	 5.4969173646782904e+09 	 1.5497388701953028e+10 	 -3.1186048794284892e+08 	 0.0000000000000000e+00
	 0.0000000000000000e+00 	 0.0000000000000000e+00 	 -1.8105358622464430e+08 	 -3.1186048794291008e+08 	 2.8092681114081268e+09 	 0.0000000000000000e+00
	 1.8141877217085224e+07 	 1.8898172421014503e+07 	 0.0000000000000000e+00 	 0.0000000000000000e+00 	 0.0000000000000000e+00 	 3.1222557512382197e+08

	 3.5632588224614926e+02 	 0.0000000000000000e+00 	 0.0000000000000000e+00 	 0.0000000000000000e+00 	 0.0000000000000000e+00 	 -3.0457098884847977e+02
	 0.0000000000000000e+00 	 3.5632588224614926e+02 	 0.0000000000000000e+00 	 0.0000000000000000e+00 	 0.0000000000000000e+00 	 7.4608955334158127e+00
	 0.0000000000000000e+00 	 0.0000000000000000e+00 	 3.5632588224614926e+02 	 3.0457098884847977e+02 	 -7.4608955334158127e+00 	 0.0000000000000000e+00
	 0.0000000000000000e+00 	 0.0000000000000000e+00 	 3.0457098884847977e+02 	 8.2519674253418850e+02 	 -1.8415147998766361e+01 	 0.0000000000000000e+00
	 0.0000000000000000e+00 	 0.0000000000000000e+00 	 -7.4608955334158127e+00 	 -1.8415147998766361e+01 	 5.3411288855155270e+01 	 0.0000000000000000e+00
	 -3.0457098884847977e+02 	 7.4608955334158127e+00 	 0.0000000000000000e+00 	 0.0000000000000000e+00 	 0.0000000000000000e+00 	 8.7860803138934750e+02

	 0.551724 
	 1.5260168271977538e+08 	 5.7798454807489794e+06 	 0.0000000000000000e+00 	 0.0000000000000000e+00 	 0.0000000000000000e+00 	 1.6148139069130577e+07
	 5.7798454807073344e+06 	 4.5458495207591718e+08 	 0.0000000000000000e+00 	 0.0000000000000000e+00 	 0.0000000000000000e+00 	 1.6173056816052191e+07
	 0.0000000000000000e+00 	 0.0000000000000000e+00 	 1.0690681466344931e+10 	 4.2696475575815840e+09 	 -2.1241829231797886e+08 	 0.0000000000000000e+00
	 0.0000000000000000e+00 	 0.0000000000000000e+00 	 4.2696475575821548e+09 	 1.1403584067622292e+10 	 -2.3671060736556929e+08 	 0.0000000000000000e+00
	 0.0000000000000000e+00 	 0.0000000000000000e+00 	 -2.1241829231790474e+08 	 -2.3671060736528078e+08 	 2.1820402364297824e+09 	 0.0000000000000000e+00
	 1.6148139069139415e+07 	 1.6173056816046391e+07 	 0.0000000000000000e+00 	 0.0000000000000000e+00 	 0.0000000000000000e+00 	 2.4421573005195579e+08

	 3.1765192128335940e+02 	 0.0000000000000000e+00 	 0.0000000000000000e+00 	 0.0000000000000000e+00 	 0.0000000000000000e+00 	 -2.3830311053146747e+02
	 0.0000000000000000e+00 	 3.1765192128335940e+02 	 0.0000000000000000e+00 	 0.0000000000000000e+00 	 0.0000000000000000e+00 	 7.3871607954747551e+00
	 0.0000000000000000e+00 	 0.0000000000000000e+00 	 3.1765192128335940e+02 	 2.3830311053146747e+02 	 -7.3871607954747551e+00 	 0.0000000000000000e+00
	 0.0000000000000000e+00 	 0.0000000000000000e+00 	 2.3830311053146747e+02 	 6.0798765237323403e+02 	 -1.4440491545599539e+01 	 0.0000000000000000e+00
	 0.0000000000000000e+00 	 0.0000000000000000e+00 	 -7.3871607954747551e+00 	 -1.4440491545599539e+01 	 4.0964354574376578e+01 	 0.0000000000000000e+00
	 -2.3830311053146747e+02 	 7.3871607954747551e+00 	 0.0000000000000000e+00 	 0.0000000000000000e+00 	 0.0000000000000000e+00 	 6.4895200694761115e+02

	 0.586207 
	 1.3075890345195003e+08 	 5.4865515507856198e+06 	 0.0000000000000000e+00 	 0.0000000000000000e+00 	 0.0000000000000000e+00 	 1.3774214502620231e+07
	 5.4865515507203033e+06 	 4.1928769761524427e+08 	 0.0000000000000000e+00 	 0.0000000000000000e+00 	 0.0000000000000000e+00 	 1.4523062364409056e+07
	 0.0000000000000000e+00 	 0.0000000000000000e+00 	 9.7914743690839672e+09 	 3.4371840864811139e+09 	 -2.4270104890125650e+08 	 0.0000000000000000e+00
	 0.0000000000000000e+00 	 0.0000000000000000e+00 	 3.4371840864788837e+09 	 8.6815283180642395e+09 	 -1.8346923350280252e+08 	 0.0000000000000000e+00
	 0.0000000000000000e+00 	 0.0000000000000000e+00 	 -2.4270104890120205e+08 	 -1.8346923350252256e+08 	 1.6746908957636540e+09 	 0.0000000000000000e+00
	 1.3774214502660410e+07 	 1.4523062364450015e+07 	 0.0000000000000000e+00 	 0.0000000000000000e+00 	 0.0000000000000000e+00 	 1.8635827099399897e+08

	 2.8385316365563773e+02 	 0.0000000000000000e+00 	 0.0000000000000000e+00 	 0.0000000000000000e+00 	 0.0000000000000000e+00 	 -1.9190629849325998e+02
	 0.0000000000000000e+00 	 2.8385316365563773e+02 	 0.0000000000000000e+00 	 0.0000000000000000e+00 	 0.0000000000000000e+00 	 7.2862036875475207e+00
	 0.0000000000000000e+00 	 0.0000000000000000e+00 	 2.8385316365563773e+02 	 1.9190629849325998e+02 	 -7.2862036875475207e+00 	 0.0000000000000000e+00
	 0.0000000000000000e+00 	 0.0000000000000000e+00 	 1.9190629849325998e+02 	 4.6064757817852347e+02 	 -1.1335923026432869e+01 	 0.0000000000000000e+00
	 0.0000000000000000e+00 	 0.0000000000000000e+00 	 -7.2862036875475207e+00 	 -1.1335923026432869e+01 	 3.0899069895883180e+01 	 0.0000000000000000e+00
	 -1.9190629849325998e+02 	 7.2862036875475207e+00 	 0.0000000000000000e+00 	 0.0000000000000000e+00 	 0.0000000000000000e+00 	 4.9154664807440520e+02

	 0.620690 
	 1.1068377844727236e+08 	 4.7513492212642403e+06 	 0.0000000000000000e+00 	 0.0000000000000000e+00 	 0.0000000000000000e+00 	 1.1423060432643743e+07
	 4.7513492212593714e+06 	 3.8165348248940390e+08 	 0.0000000000000000e+00 	 0.0000000000000000e+00 	 0.0000000000000000e+00 	 1.3758426210174771e+07
	 0.0000000000000000e+00 	 0.0000000000000000e+00 	 8.9587236351432419e+09 	 2.8364823043179717e+09 	 -2.6284443299879608e+08 	 0.0000000000000000e+00
	 0.0000000000000000e+00 	 0.0000000000000000e+00 	 2.8364823043179684e+09 	 6.7521700796952419e+09 	 -1.3905250230529940e+08 	 0.0000000000000000e+00
	 0.0000000000000000e+00 	 0.0000000000000000e+00 	 -2.6284443299884820e+08 	 -1.3905250230530685e+08 	 1.2622717933715749e+09 	 0.0000000000000000e+00
	 1.1423060432642145e+07 	 1.3758426210168194e+07 	 0.0000000000000000e+00 	 0.0000000000000000e+00 	 0.0000000000000000e+00 	 1.3801185397907174e+08

	 2.5254007362942383e+02 	 0.0000000000000000e+00 	 0.0000000000000000e+00 	 0.0000000000000000e+00 	 0.0000000000000000e+00 	 -1.5761915148638914e+02
	 0.0000000000000000e+00 	 2.5254007362942383e+02 	 0.0000000000000000e+00 	 0.0000000000000000e+00 	 0.0000000000000000e+00 	 6.9706333150286239e+00
	 0.0000000000000000e+00 	 0.0000000000000000e+00 	 2.5254007362942383e+02 	 1.5761915148638914e+02 	 -6.9706333150286239e+00 	 0.0000000000000000e+00
	 0.0000000000000000e+00 	 0.0000000000000000e+00 	 1.5761915148638914e+02 	 3.5505439515488359e+02 	 -8.6606664820421617e+00 	 0.0000000000000000e+00
	 0.0000000000000000e+00 	 0.0000000000000000e+00 	 -6.9706333150286239e+00 	 -8.6606664820421617e+00 	 2.2743299191154001e+01 	 0.0000000000000000e+00
	 -1.5761915148638914e+02 	 6.9706333150286239e+00 	 0.0000000000000000e+00 	 0.0000000000000000e+00 	 0.0000000000000000e+00 	 3.7779769434603668e+02

	 0.655172 
	 9.3496286027364403e+07 	 3.4849482823217036e+06 	 0.0000000000000000e+00 	 0.0000000000000000e+00 	 0.0000000000000000e+00 	 8.9000689944418874e+06
	 3.4849482822795124e+06 	 3.4276745482234854e+08 	 0.0000000000000000e+00 	 0.0000000000000000e+00 	 0.0000000000000000e+00 	 1.4190514267670026e+07
	 0.0000000000000000e+00 	 0.0000000000000000e+00 	 8.2788434231412840e+09 	 2.6058163640105729e+09 	 -2.7121959565320629e+08 	 0.0000000000000000e+00
	 0.0000000000000000e+00 	 0.0000000000000000e+00 	 2.6058163640106425e+09 	 5.8069905472513838e+09 	 -1.0618986932953233e+08 	 0.0000000000000000e+00
	 0.0000000000000000e+00 	 0.0000000000000000e+00 	 -2.7121959565326834e+08 	 -1.0618986932953916e+08 	 9.3101292218734205e+08 	 0.0000000000000000e+00
	 8.9000689944396019e+06 	 1.4190514267667174e+07 	 0.0000000000000000e+00 	 0.0000000000000000e+00 	 0.0000000000000000e+00 	 1.0002942913697791e+08

	 2.2818492809727752e+02 	 0.0000000000000000e+00 	 0.0000000000000000e+00 	 0.0000000000000000e+00 	 0.0000000000000000e+00 	 -1.3971373296809719e+02
	 0.0000000000000000e+00 	 2.2818492809727752e+02 	 0.0000000000000000e+00 	 0.0000000000000000e+00 	 0.0000000000000000e+00 	 6.5199989875284752e+00
	 0.0000000000000000e+00 	 0.0000000000000000e+00 	 2.2818492809727752e+02 	 1.3971373296809719e+02 	 -6.5199989875284752e+00 	 0.0000000000000000e+00
	 0.0000000000000000e+00 	 0.0000000000000000e+00 	 1.3971373296809719e+02 	 2.9489199497626396e+02 	 -6.5378248491058475e+00 	 0.0000000000000000e+00
	 0.0000000000000000e+00 	 0.0000000000000000e+00 	 -6.5199989875284752e+00 	 -6.5378248491058475e+00 	 1.6309354570619508e+01 	 0.0000000000000000e+00
	 -1.3971373296809719e+02 	 6.5199989875284752e+00 	 0.0000000000000000e+00 	 0.0000000000000000e+00 	 0.0000000000000000e+00 	 3.1120134954688251e+02

	 0.689655 
	 7.8317764634439811e+07 	 4.0014954612532714e+06 	 0.0000000000000000e+00 	 0.0000000000000000e+00 	 0.0000000000000000e+00 	 7.5748019631419182e+06
	 4.0014954612808451e+06 	 2.9776501822665352e+08 	 0.0000000000000000e+00 	 0.0000000000000000e+00 	 0.0000000000000000e+00 	 1.0268058679606417e+07
	 0.0000000000000000e+00 	 0.0000000000000000e+00 	 7.2532093567521772e+09 	 1.6636473536847491e+09 	 -2.6340695511343485e+08 	 0.0000000000000000e+00
	 0.0000000000000000e+00 	 0.0000000000000000e+00 	 1.6636473536847491e+09 	 3.4966464537123575e+09 	 -7.3207057846153349e+07 	 0.0000000000000000e+00
	 0.0000000000000000e+00 	 0.0000000000000000e+00 	 -2.6340695511343652e+08 	 -7.3207057846133947e+07 	 6.7034573882228589e+08 	 0.0000000000000000e+00
	 7.5748019631342981e+06 	 1.0268058679618213e+07 	 0.0000000000000000e+00 	 0.0000000000000000e+00 	 0.0000000000000000e+00 	 6.9810996726527244e+07

	 7.585687523804144e+02  	 0.0000000000000000e+00 	 0.0000000000000000e+00 	 0.0000000000000000e+00 	 0.0000000000000000e+00 	 -9.1287745165471065e+01
	 0.0000000000000000e+00 	 7.585687523804144e+02  	 0.0000000000000000e+00 	 0.0000000000000000e+00 	 0.0000000000000000e+00 	 5.7878840042654316e+00
	 0.0000000000000000e+00 	 0.0000000000000000e+00 	 7.585687523804144e+02  	 9.1287745165471065e+01 	 -5.7878840042654316e+00 	 0.0000000000000000e+00
	 0.0000000000000000e+00 	 0.0000000000000000e+00 	 9.1287745165471065e+01 	 1.7817567061635296e+02 	 -4.5532360152482099e+00 	 0.0000000000000000e+00
	 0.0000000000000000e+00 	 0.0000000000000000e+00 	 -5.7878840042654316e+00 	 -4.5532360152482099e+00 	 1.1374013558035623e+01 	 0.0000000000000000e+00
	 -9.1287745165471065e+01 	 5.7878840042654316e+00 	 0.0000000000000000e+00 	 0.0000000000000000e+00 	 0.0000000000000000e+00 	 1.8954968417438837e+02

	 0.724138 
	 6.5573800493807383e+07 	 3.4843436390601625e+06 	 0.0000000000000000e+00 	 0.0000000000000000e+00 	 0.0000000000000000e+00 	 6.0685121823076615e+06
	 3.4843436390613513e+06 	 2.5818456871964556e+08 	 0.0000000000000000e+00 	 0.0000000000000000e+00 	 0.0000000000000000e+00 	 8.6719492537951227e+06
	 0.0000000000000000e+00 	 0.0000000000000000e+00 	 6.4581459258231916e+09 	 1.2364120703616636e+09 	 -2.4649398802724981e+08 	 0.0000000000000000e+00
	 0.0000000000000000e+00 	 0.0000000000000000e+00 	 1.2364120703616414e+09 	 2.4403729265944633e+09 	 -5.0425906027171016e+07 	 0.0000000000000000e+00
	 0.0000000000000000e+00 	 0.0000000000000000e+00 	 -2.4649398802725780e+08 	 -5.0425906027164832e+07 	 4.6972335938420600e+08 	 0.0000000000000000e+00
	 6.0685121823078655e+06 	 8.6719492537982669e+06 	 0.0000000000000000e+00 	 0.0000000000000000e+00 	 0.0000000000000000e+00 	 4.7655451396785319e+07

