 ------- BEAMDYN V1.00.* INDIVIDUAL BLADE INPUT FILE --------------------------
 Test Format 1
 ---------------------- BLADE PARAMETERS --------------------------------------
30   station_total    - Number of blade input stations (-)
 1   damp_type        - Damping type: 0: no damping; 1: damped
  ---------------------- DAMPING COEFFICIENT------------------------------------
   mu1        mu2        mu3        mu4        mu5        mu6
   (-)        (-)        (-)        (-)        (-)        (-)
  0.01754529    0.011830212    0.011830212    0.011830212    0.01754529    0.011830212  
 ---------------------- DISTRIBUTED PROPERTIES---------------------------------
	 0.000000 
	 4.7038672620577574e+09 	 -3.9296942122698478e+04 	 0.0000000000000000e+00 	 0.0000000000000000e+00 	 0.0000000000000000e+00 	 4.3977884525338668e+03
	 -3.9296942046191551e+04 	 4.7038440236913319e+09 	 0.0000000000000000e+00 	 0.0000000000000000e+00 	 0.0000000000000000e+00 	 -9.8234414680828231e+03
	 0.0000000000000000e+00 	 0.0000000000000000e+00 	 3.2143089494981754e+10 	 -3.0142231773710038e+04 	 6.7117852072849841e+04 	 0.0000000000000000e+00
	 0.0000000000000000e+00 	 0.0000000000000000e+00 	 -3.0142232154584537e+04 	 7.8380436804568573e+10 	 6.5511803633209073e+05 	 0.0000000000000000e+00
	 0.0000000000000000e+00 	 0.0000000000000000e+00 	 6.7117852223658090e+04 	 6.5511803646463144e+05 	 7.8380823748445999e+10 	 0.0000000000000000e+00
	 4.3977884546566229e+03 	 -9.8234414695582655e+03 	 0.0000000000000000e+00 	 0.0000000000000000e+00 	 0.0000000000000000e+00 	 4.5851032157526779e+10

	 2.2243160138316030e+03 	 0.0000000000000000e+00 	 0.0000000000000000e+00 	 0.0000000000000000e+00 	 0.0000000000000000e+00 	 2.0855875187174022e-03
	 0.0000000000000000e+00 	 2.2243160138316030e+03 	 0.0000000000000000e+00 	 0.0000000000000000e+00 	 0.0000000000000000e+00 	 -4.6446228592079289e-03
	 0.0000000000000000e+00 	 0.0000000000000000e+00 	 2.2243160138316030e+03 	 -2.0855875187174022e-03 	 4.6446228592079289e-03 	 0.0000000000000000e+00
	 0.0000000000000000e+00 	 0.0000000000000000e+00 	 -2.0855875187174022e-03 	 5.4252214040367799e+03 	 4.5339967942174264e-02 	 0.0000000000000000e+00
	 0.0000000000000000e+00 	 0.0000000000000000e+00 	 4.6446228592079289e-03 	 4.5339967942174264e-02 	 5.4252481851560096e+03 	 0.0000000000000000e+00
	 2.0855875187174022e-03 	 -4.6446228592079289e-03 	 0.0000000000000000e+00 	 0.0000000000000000e+00 	 0.0000000000000000e+00 	 1.0850469589192791e+04

	 0.034483 
	 3.4005355228727050e+09 	 -2.9062262166206278e+07 	 0.0000000000000000e+00 	 0.0000000000000000e+00 	 0.0000000000000000e+00 	 -2.1266460384113619e+08
	 -2.9062262166351080e+07 	 3.7200359902010274e+09 	 0.0000000000000000e+00 	 0.0000000000000000e+00 	 0.0000000000000000e+00 	 2.1562474271747667e+07
	 0.0000000000000000e+00 	 0.0000000000000000e+00 	 2.7033194463367496e+10 	 1.6652033559552836e+09 	 -3.7639985532580024e+08 	 0.0000000000000000e+00
	 0.0000000000000000e+00 	 0.0000000000000000e+00 	 1.6652033559543898e+09 	 6.0060584229825287e+10 	 -3.8553018636140175e+09 	 0.0000000000000000e+00
	 0.0000000000000000e+00 	 0.0000000000000000e+00 	 -3.7639985532611942e+08 	 -3.8553018636137319e+09 	 6.5822753175353645e+10 	 0.0000000000000000e+00
	 -2.1266460384113574e+08 	 2.1562474271742120e+07 	 0.0000000000000000e+00 	 0.0000000000000000e+00 	 0.0000000000000000e+00 	 3.3310024921902573e+10

	 1.7063090377537383e+03 	 0.0000000000000000e+00 	 0.0000000000000000e+00 	 0.0000000000000000e+00 	 0.0000000000000000e+00 	 -1.1112506928796883e+02
	 0.0000000000000000e+00 	 1.7063090377537383e+03 	 0.0000000000000000e+00 	 0.0000000000000000e+00 	 0.0000000000000000e+00 	 8.7067458807599394e+00
	 0.0000000000000000e+00 	 0.0000000000000000e+00 	 1.7063090377537383e+03 	 1.1112506928796883e+02 	 -8.7067458807599394e+00 	 0.0000000000000000e+00
	 0.0000000000000000e+00 	 0.0000000000000000e+00 	 1.1112506928796883e+02 	 4.0777554104263295e+03 	 -3.9571208928951961e+01 	 0.0000000000000000e+00
	 0.0000000000000000e+00 	 0.0000000000000000e+00 	 -8.7067458807599394e+00 	 -3.9571208928951961e+01 	 3.8962084515872448e+03 	 0.0000000000000000e+00
	 -1.1112506928796883e+02 	 8.7067458807599394e+00 	 0.0000000000000000e+00 	 0.0000000000000000e+00 	 0.0000000000000000e+00 	 7.9739638620135738e+03

	 0.068966 
	 2.2922297747383971e+09 	 -3.8379701799428008e+07 	 0.0000000000000000e+00 	 0.0000000000000000e+00 	 0.0000000000000000e+00 	 -3.4407299005825406e+08
	 -3.8379701799411573e+07 	 3.0584162304644842e+09 	 0.0000000000000000e+00 	 0.0000000000000000e+00 	 0.0000000000000000e+00 	 6.9357147110508457e+07
	 0.0000000000000000e+00 	 0.0000000000000000e+00 	 2.4298580646756866e+10 	 5.2373031022163200e+09 	 -6.2567057592273247e+08 	 0.0000000000000000e+00
	 0.0000000000000000e+00 	 0.0000000000000000e+00 	 5.2373031022161160e+09 	 5.1490700207392281e+10 	 -5.5878129435238600e+09 	 0.0000000000000000e+00
	 0.0000000000000000e+00 	 0.0000000000000000e+00 	 -6.2567057592290270e+08 	 -5.5878129435238142e+09 	 4.9535332538240807e+10 	 0.0000000000000000e+00
	 -3.4407299005827451e+08 	 6.9357147110429242e+07 	 0.0000000000000000e+00 	 0.0000000000000000e+00 	 0.0000000000000000e+00 	 2.2211297412940647e+10

	 1.3742400440292413e+03 	 0.0000000000000000e+00 	 0.0000000000000000e+00 	 0.0000000000000000e+00 	 0.0000000000000000e+00 	 -2.9316169053828861e+02
	 0.0000000000000000e+00 	 1.3742400440292413e+03 	 0.0000000000000000e+00 	 0.0000000000000000e+00 	 0.0000000000000000e+00 	 9.1781822040143677e+00
	 0.0000000000000000e+00 	 0.0000000000000000e+00 	 1.3742400440292413e+03 	 2.9316169053828861e+02 	 -9.1781822040143677e+00 	 0.0000000000000000e+00
	 0.0000000000000000e+00 	 0.0000000000000000e+00 	 2.9316169053828861e+02 	 3.3239141908130778e+03 	 -5.7254029629897488e+01 	 0.0000000000000000e+00
	 0.0000000000000000e+00 	 0.0000000000000000e+00 	 -9.1781822040143677e+00 	 -5.7254029629897488e+01 	 2.4928055857745603e+03 	 0.0000000000000000e+00
	 -2.9316169053828861e+02 	 9.1781822040143677e+00 	 0.0000000000000000e+00 	 0.0000000000000000e+00 	 0.0000000000000000e+00 	 5.8167197765876363e+03

	 0.103448 
	 1.8177595492124360e+09 	 8.0606571415841460e+07 	 0.0000000000000000e+00 	 0.0000000000000000e+00 	 0.0000000000000000e+00 	 -3.1397043251915079e+08
	 8.0606571415498838e+07 	 2.5221297935253382e+09 	 0.0000000000000000e+00 	 0.0000000000000000e+00 	 0.0000000000000000e+00 	 8.8629996310755447e+07
	 0.0000000000000000e+00 	 0.0000000000000000e+00 	 2.2311370370335396e+10 	 7.4633575268770370e+09 	 -7.0605687818907201e+08 	 0.0000000000000000e+00
	 0.0000000000000000e+00 	 0.0000000000000000e+00 	 7.4633575268767405e+09 	 4.4413802458926170e+10 	 -5.8763877732363768e+09 	 0.0000000000000000e+00
	 0.0000000000000000e+00 	 0.0000000000000000e+00 	 -7.0605687818864560e+08 	 -5.8763877732363701e+09 	 3.8476732533258774e+10 	 0.0000000000000000e+00
	 -3.1397043251917893e+08 	 8.8629996310755596e+07 	 0.0000000000000000e+00 	 0.0000000000000000e+00 	 0.0000000000000000e+00 	 1.4432427273403812e+10

	 1.2166704165429367e+03 	 0.0000000000000000e+00 	 0.0000000000000000e+00 	 0.0000000000000000e+00 	 0.0000000000000000e+00 	 -4.1324692339155212e+02
	 0.0000000000000000e+00 	 1.2166704165429367e+03 	 0.0000000000000000e+00 	 0.0000000000000000e+00 	 0.0000000000000000e+00 	 1.3338534933158707e+01
	 0.0000000000000000e+00 	 0.0000000000000000e+00 	 1.2166704165429367e+03 	 4.1324692339155212e+02 	 -1.3338534933158707e+01 	 0.0000000000000000e+00
	 0.0000000000000000e+00 	 0.0000000000000000e+00 	 4.1324692339155212e+02 	 2.7793964391608592e+03 	 -9.5655185807328138e+01 	 0.0000000000000000e+00
	 0.0000000000000000e+00 	 0.0000000000000000e+00 	 -1.3338534933158707e+01 	 -9.5655185807328138e+01 	 1.6932609065947845e+03 	 0.0000000000000000e+00
	 -4.1324692339155212e+02 	 1.3338534933158707e+01 	 0.0000000000000000e+00 	 0.0000000000000000e+00 	 0.0000000000000000e+00 	 4.4726573457556324e+03

	 0.137931 
	 1.1131636162333100e+09 	 7.5262538017846212e+07 	 0.0000000000000000e+00 	 0.0000000000000000e+00 	 0.0000000000000000e+00 	 -1.6568818284819704e+08
	 7.5262538017573699e+07 	 1.8412269050275474e+09 	 0.0000000000000000e+00 	 0.0000000000000000e+00 	 0.0000000000000000e+00 	 8.4798670931226715e+07
	 0.0000000000000000e+00 	 0.0000000000000000e+00 	 1.9736036865209618e+10 	 8.4624170966033449e+09 	 -6.2585561094487274e+08 	 0.0000000000000000e+00
	 0.0000000000000000e+00 	 0.0000000000000000e+00 	 8.4624170966034222e+09 	 3.6535902736472496e+10 	 -4.6224115965978956e+09 	 0.0000000000000000e+00
	 0.0000000000000000e+00 	 0.0000000000000000e+00 	 -6.2585561094491982e+08 	 -4.6224115965976391e+09 	 2.6729751597156761e+10 	 0.0000000000000000e+00
	 -1.6568818284820291e+08 	 8.4798670930999532e+07 	 0.0000000000000000e+00 	 0.0000000000000000e+00 	 0.0000000000000000e+00 	 7.8008621564567556e+09

	 9.3032512799590597e+02 	 0.0000000000000000e+00 	 0.0000000000000000e+00 	 0.0000000000000000e+00 	 0.0000000000000000e+00 	 -4.6389794303407388e+02
	 0.0000000000000000e+00 	 9.3032512799590597e+02 	 0.0000000000000000e+00 	 0.0000000000000000e+00 	 0.0000000000000000e+00 	 1.1243724387687999e+01
	 0.0000000000000000e+00 	 0.0000000000000000e+00 	 9.3032512799590597e+02 	 4.6389794303407388e+02 	 -1.1243724387687999e+01 	 0.0000000000000000e+00
	 0.0000000000000000e+00 	 0.0000000000000000e+00 	 4.6389794303407388e+02 	 2.1905761274351821e+03 	 -7.4268128860007138e+01 	 0.0000000000000000e+00
	 0.0000000000000000e+00 	 0.0000000000000000e+00 	 -1.1243724387687999e+01 	 -7.4268128860007138e+01 	 9.4234455210662213e+02 	 0.0000000000000000e+00
	 -4.6389794303407388e+02 	 1.1243724387687999e+01 	 0.0000000000000000e+00 	 0.0000000000000000e+00 	 0.0000000000000000e+00 	 3.1329206795417986e+03

	 0.172414 
	 6.7706759881788373e+08 	 6.5358043265573844e+07 	 0.0000000000000000e+00 	 0.0000000000000000e+00 	 0.0000000000000000e+00 	 -2.5714048073161025e+07
	 6.5358043265841708e+07 	 1.2883014931837089e+09 	 0.0000000000000000e+00 	 0.0000000000000000e+00 	 0.0000000000000000e+00 	 6.4398965356232770e+07
	 0.0000000000000000e+00 	 0.0000000000000000e+00 	 1.7971817747904984e+10 	 8.5207719354667253e+09 	 -5.0129870027410537e+08 	 0.0000000000000000e+00
	 0.0000000000000000e+00 	 0.0000000000000000e+00 	 8.5207719354666510e+09 	 3.1403937211136028e+10 	 -3.0789372664625039e+09 	 0.0000000000000000e+00
	 0.0000000000000000e+00 	 0.0000000000000000e+00 	 -5.0129870027380437e+08 	 -3.0789372664624739e+09 	 1.7823588551590664e+10 	 0.0000000000000000e+00
	 -2.5714048073226962e+07 	 6.4398965356370240e+07 	 0.0000000000000000e+00 	 0.0000000000000000e+00 	 0.0000000000000000e+00 	 3.8026207522182775e+09

	 7.3157141775594187e+02 	 0.0000000000000000e+00 	 0.0000000000000000e+00 	 0.0000000000000000e+00 	 0.0000000000000000e+00 	 -4.7142099568525452e+02
	 0.0000000000000000e+00 	 7.3157141775594187e+02 	 0.0000000000000000e+00 	 0.0000000000000000e+00 	 0.0000000000000000e+00 	 1.1064968192380725e+01
	 0.0000000000000000e+00 	 0.0000000000000000e+00 	 7.3157141775594187e+02 	 4.7142099568525452e+02 	 -1.1064968192380725e+01 	 0.0000000000000000e+00
	 0.0000000000000000e+00 	 0.0000000000000000e+00 	 4.7142099568525452e+02 	 1.8131615066922038e+03 	 -5.7835025995110428e+01 	 0.0000000000000000e+00
	 0.0000000000000000e+00 	 0.0000000000000000e+00 	 -1.1064968192380725e+01 	 -5.7835025995110428e+01 	 5.0388726847174610e+02 	 0.0000000000000000e+00
	 -4.7142099568525452e+02 	 1.1064968192380725e+01 	 0.0000000000000000e+00 	 0.0000000000000000e+00 	 0.0000000000000000e+00 	 2.3170487751639484e+03

	 0.206897 
	 4.7586347491581923e+08 	 4.5148943612283058e+07 	 0.0000000000000000e+00 	 0.0000000000000000e+00 	 0.0000000000000000e+00 	 -5.5070001071130494e+06
	 4.5148943612360232e+07 	 8.6591488170970225e+08 	 0.0000000000000000e+00 	 0.0000000000000000e+00 	 0.0000000000000000e+00 	 4.3226853870353088e+07
	 0.0000000000000000e+00 	 0.0000000000000000e+00 	 1.6822106121743692e+10 	 8.6045135008213692e+09 	 -4.4858596483079308e+08 	 0.0000000000000000e+00
	 0.0000000000000000e+00 	 0.0000000000000000e+00 	 8.6045135008214207e+09 	 2.9183743841420536e+10 	 -2.0539522347459524e+09 	 0.0000000000000000e+00
	 0.0000000000000000e+00 	 0.0000000000000000e+00 	 -4.4858596483063632e+08 	 -2.0539522347457464e+09 	 1.3896186860297745e+10 	 0.0000000000000000e+00
	 -5.5070001071713595e+06 	 4.3226853870365500e+07 	 0.0000000000000000e+00 	 0.0000000000000000e+00 	 0.0000000000000000e+00 	 2.1085245602821245e+09

	 6.0173326246577949e+02 	 0.0000000000000000e+00 	 0.0000000000000000e+00 	 0.0000000000000000e+00 	 0.0000000000000000e+00 	 -4.7249881166743586e+02
	 0.0000000000000000e+00 	 6.0173326246577949e+02 	 0.0000000000000000e+00 	 0.0000000000000000e+00 	 0.0000000000000000e+00 	 1.0620257038795661e+01
	 0.0000000000000000e+00 	 0.0000000000000000e+00 	 6.0173326246577949e+02 	 4.7249881166743586e+02 	 -1.0620257038795661e+01 	 0.0000000000000000e+00
	 0.0000000000000000e+00 	 0.0000000000000000e+00 	 4.7249881166743586e+02 	 1.6204008479219283e+03 	 -4.5296208979292437e+01 	 0.0000000000000000e+00
	 0.0000000000000000e+00 	 0.0000000000000000e+00 	 -1.0620257038795661e+01 	 -4.5296208979292437e+01 	 3.2536639244784686e+02 	 0.0000000000000000e+00
	 -4.7249881166743586e+02 	 1.0620257038795661e+01 	 0.0000000000000000e+00 	 0.0000000000000000e+00 	 0.0000000000000000e+00 	 1.9457672403697679e+03

	 0.241379 
	 3.7622415072117829e+08 	 2.6083780457954224e+07 	 0.0000000000000000e+00 	 0.0000000000000000e+00 	 0.0000000000000000e+00 	 3.3402643708788967e+06
	 2.6083780457825724e+07 	 6.5934749730929077e+08 	 0.0000000000000000e+00 	 0.0000000000000000e+00 	 0.0000000000000000e+00 	 3.2934611510964144e+07
	 0.0000000000000000e+00 	 0.0000000000000000e+00 	 1.6354051892544357e+10 	 8.6951175083960342e+09 	 -4.1423089971643430e+08 	 0.0000000000000000e+00
	 0.0000000000000000e+00 	 0.0000000000000000e+00 	 8.6951175083959293e+09 	 2.8685131903508427e+10 	 -1.2961121262990282e+09 	 0.0000000000000000e+00
	 0.0000000000000000e+00 	 0.0000000000000000e+00 	 -4.1423089971604252e+08 	 -1.2961121262987268e+09 	 1.1424075097848747e+10 	 0.0000000000000000e+00
	 3.3402643709693532e+06 	 3.2934611510861196e+07 	 0.0000000000000000e+00 	 0.0000000000000000e+00 	 0.0000000000000000e+00 	 1.3440237266785774e+09

	 5.3800688851067332e+02 	 0.0000000000000000e+00 	 0.0000000000000000e+00 	 0.0000000000000000e+00 	 0.0000000000000000e+00 	 -4.7772273648744005e+02
	 0.0000000000000000e+00 	 5.3800688851067332e+02 	 0.0000000000000000e+00 	 0.0000000000000000e+00 	 0.0000000000000000e+00 	 1.1138438643855109e+01
	 0.0000000000000000e+00 	 0.0000000000000000e+00 	 5.3800688851067332e+02 	 4.7772273648744005e+02 	 -1.1138438643855109e+01 	 0.0000000000000000e+00
	 0.0000000000000000e+00 	 0.0000000000000000e+00 	 4.7772273648744005e+02 	 1.5612333301018923e+03 	 -3.7364880186602775e+01 	 0.0000000000000000e+00
	 0.0000000000000000e+00 	 0.0000000000000000e+00 	 -1.1138438643855109e+01 	 -3.7364880186602775e+01 	 2.3706783057004793e+02 	 0.0000000000000000e+00
	 -4.7772273648744005e+02 	 1.1138438643855109e+01 	 0.0000000000000000e+00 	 0.0000000000000000e+00 	 0.0000000000000000e+00 	 1.7983011606719363e+03

	 0.275862 
	 3.0427416581725651e+08 	 1.4520857597784650e+07 	 0.0000000000000000e+00 	 0.0000000000000000e+00 	 0.0000000000000000e+00 	 1.2084643052736217e+07
	 1.4520857597638257e+07 	 5.2498394565168601e+08 	 0.0000000000000000e+00 	 0.0000000000000000e+00 	 0.0000000000000000e+00 	 2.6714820871669874e+07
	 0.0000000000000000e+00 	 0.0000000000000000e+00 	 1.5853365768943560e+10 	 8.5500710407332525e+09 	 -3.8423122921171951e+08 	 0.0000000000000000e+00
	 0.0000000000000000e+00 	 0.0000000000000000e+00 	 8.5500710407331791e+09 	 2.8001058158275734e+10 	 -8.8559077307910264e+08 	 0.0000000000000000e+00
	 0.0000000000000000e+00 	 0.0000000000000000e+00 	 -3.8423122921185738e+08 	 -8.8559077307923436e+08 	 9.1409232984206314e+09 	 0.0000000000000000e+00
	 1.2084643052698107e+07 	 2.6714820871473607e+07 	 0.0000000000000000e+00 	 0.0000000000000000e+00 	 0.0000000000000000e+00 	 8.6808386723747337e+08

	 4.9008318995993028e+02 	 0.0000000000000000e+00 	 0.0000000000000000e+00 	 0.0000000000000000e+00 	 0.0000000000000000e+00 	 -4.6815690157466747e+02
	 0.0000000000000000e+00 	 4.9008318995993028e+02 	 0.0000000000000000e+00 	 0.0000000000000000e+00 	 0.0000000000000000e+00 	 1.1750188483650026e+01
	 0.0000000000000000e+00 	 0.0000000000000000e+00 	 4.9008318995993028e+02 	 4.6815690157466747e+02 	 -1.1750188483650026e+01 	 0.0000000000000000e+00
	 0.0000000000000000e+00 	 0.0000000000000000e+00 	 4.6815690157466747e+02 	 1.4980966167499982e+03 	 -3.4053041329599630e+01 	 0.0000000000000000e+00
	 0.0000000000000000e+00 	 0.0000000000000000e+00 	 -1.1750188483650026e+01 	 -3.4053041329599630e+01 	 1.7354950613593311e+02 	 0.0000000000000000e+00
	 -4.6815690157466747e+02 	 1.1750188483650026e+01 	 0.0000000000000000e+00 	 0.0000000000000000e+00 	 0.0000000000000000e+00 	 1.6716461228859289e+03

	 0.310345 
	 2.7751942720953435e+08 	 1.2415510326585153e+07 	 0.0000000000000000e+00 	 0.0000000000000000e+00 	 0.0000000000000000e+00 	 1.9593434098514691e+07
	 1.2415510326802801e+07 	 5.2630888161277896e+08 	 0.0000000000000000e+00 	 0.0000000000000000e+00 	 0.0000000000000000e+00 	 2.7579556958154492e+07
	 0.0000000000000000e+00 	 0.0000000000000000e+00 	 1.5758555981233368e+10 	 8.6847724776058521e+09 	 -3.1069467084234405e+08 	 0.0000000000000000e+00
	 0.0000000000000000e+00 	 0.0000000000000000e+00 	 8.6847724776060085e+09 	 2.8419956356512245e+10 	 -8.0474265893465662e+08 	 0.0000000000000000e+00
	 0.0000000000000000e+00 	 0.0000000000000000e+00 	 -3.1069467084216869e+08 	 -8.0474265893436301e+08 	 7.7729667698697567e+09 	 0.0000000000000000e+00
	 1.9593434098446533e+07 	 2.7579556958178878e+07 	 0.0000000000000000e+00 	 0.0000000000000000e+00 	 0.0000000000000000e+00 	 7.2273022009157503e+08

	 4.8315427355139315e+02 	 0.0000000000000000e+00 	 0.0000000000000000e+00 	 0.0000000000000000e+00 	 0.0000000000000000e+00 	 -4.7906459777546769e+02
	 0.0000000000000000e+00 	 4.8315427355139315e+02 	 0.0000000000000000e+00 	 0.0000000000000000e+00 	 0.0000000000000000e+00 	 1.1918059347731305e+01
	 0.0000000000000000e+00 	 0.0000000000000000e+00 	 4.8315427355139315e+02 	 4.7906459777546769e+02 	 -1.1918059347731305e+01 	 0.0000000000000000e+00
	 0.0000000000000000e+00 	 0.0000000000000000e+00 	 4.7906459777546769e+02 	 1.5231018477492191e+03 	 -3.5296705900666694e+01 	 0.0000000000000000e+00
	 0.0000000000000000e+00 	 0.0000000000000000e+00 	 -1.1918059347731305e+01 	 -3.5296705900666694e+01 	 1.4523574835394405e+02 	 0.0000000000000000e+00
	 -4.7906459777546769e+02 	 1.1918059347731305e+01 	 0.0000000000000000e+00 	 0.0000000000000000e+00 	 0.0000000000000000e+00 	 1.6683375961031577e+03

	 0.344828 
	 2.6773706194131750e+08 	 1.1228052728151567e+07 	 0.0000000000000000e+00 	 0.0000000000000000e+00 	 0.0000000000000000e+00 	 1.8932214905729022e+07
	 1.1228052728336936e+07 	 5.2786744674267232e+08 	 0.0000000000000000e+00 	 0.0000000000000000e+00 	 0.0000000000000000e+00 	 2.6786367824813530e+07
	 0.0000000000000000e+00 	 0.0000000000000000e+00 	 1.5544791357987480e+10 	 8.6871739967262516e+09 	 -2.3186965828892702e+08 	 0.0000000000000000e+00
	 0.0000000000000000e+00 	 0.0000000000000000e+00 	 8.6871739967262383e+09 	 2.8556184482494862e+10 	 -7.4553407138500583e+08 	 0.0000000000000000e+00
	 0.0000000000000000e+00 	 0.0000000000000000e+00 	 -2.3186965828905478e+08 	 -7.4553407138502002e+08 	 7.1938485334623871e+09 	 0.0000000000000000e+00
	 1.8932214905694325e+07 	 2.6786367824918281e+07 	 0.0000000000000000e+00 	 0.0000000000000000e+00 	 0.0000000000000000e+00 	 6.7453936043757403e+08

	 4.7740444392625972e+02 	 0.0000000000000000e+00 	 0.0000000000000000e+00 	 0.0000000000000000e+00 	 0.0000000000000000e+00 	 -4.8468783824422286e+02
	 0.0000000000000000e+00 	 4.7740444392625972e+02 	 0.0000000000000000e+00 	 0.0000000000000000e+00 	 0.0000000000000000e+00 	 1.0568136699197508e+01
	 0.0000000000000000e+00 	 0.0000000000000000e+00 	 4.7740444392625972e+02 	 4.8468783824422286e+02 	 -1.0568136699197508e+01 	 0.0000000000000000e+00
	 0.0000000000000000e+00 	 0.0000000000000000e+00 	 4.8468783824422286e+02 	 1.5368004624053572e+03 	 -3.4426313112861351e+01 	 0.0000000000000000e+00
	 0.0000000000000000e+00 	 0.0000000000000000e+00 	 -1.0568136699197508e+01 	 -3.4426313112861351e+01 	 1.3456330314038152e+02 	 0.0000000000000000e+00
	 -4.8468783824422286e+02 	 1.0568136699197508e+01 	 0.0000000000000000e+00 	 0.0000000000000000e+00 	 0.0000000000000000e+00 	 1.6713637655457426e+03

	 0.379310 
	 2.5731931061203918e+08 	 1.0695543001895441e+07 	 0.0000000000000000e+00 	 0.0000000000000000e+00 	 0.0000000000000000e+00 	 1.8791366232142806e+07
	 1.0695543001884511e+07 	 5.2798736824100041e+08 	 0.0000000000000000e+00 	 0.0000000000000000e+00 	 0.0000000000000000e+00 	 2.5194295838943236e+07
	 0.0000000000000000e+00 	 0.0000000000000000e+00 	 1.5016721960143753e+10 	 8.0789720167858639e+09 	 -1.5515680688354066e+08 	 0.0000000000000000e+00
	 0.0000000000000000e+00 	 0.0000000000000000e+00 	 8.0789720167856054e+09 	 2.6636547299950020e+10 	 -6.6738654720835006e+08 	 0.0000000000000000e+00
	 0.0000000000000000e+00 	 0.0000000000000000e+00 	 -1.5515680688348135e+08 	 -6.6738654720823836e+08 	 6.5593570794567738e+09 	 0.0000000000000000e+00
	 1.8791366232161202e+07 	 2.5194295838991866e+07 	 0.0000000000000000e+00 	 0.0000000000000000e+00 	 0.0000000000000000e+00 	 6.2760093763596666e+08

	 4.6136551766458615e+02 	 0.0000000000000000e+00 	 0.0000000000000000e+00 	 0.0000000000000000e+00 	 0.0000000000000000e+00 	 -4.5968907120764140e+02
	 0.0000000000000000e+00 	 4.6136551766458615e+02 	 0.0000000000000000e+00 	 0.0000000000000000e+00 	 0.0000000000000000e+00 	 9.0516780219373736e+00
	 0.0000000000000000e+00 	 0.0000000000000000e+00 	 4.6136551766458615e+02 	 4.5968907120764140e+02 	 -9.0516780219373736e+00 	 0.0000000000000000e+00
	 0.0000000000000000e+00 	 0.0000000000000000e+00 	 4.5968907120764140e+02 	 1.4523007883491800e+03 	 -3.2345797730846201e+01 	 0.0000000000000000e+00
	 0.0000000000000000e+00 	 0.0000000000000000e+00 	 -9.0516780219373736e+00 	 -3.2345797730846201e+01 	 1.2340499719485533e+02 	 0.0000000000000000e+00
	 -4.5968907120764140e+02 	 9.0516780219373736e+00 	 0.0000000000000000e+00 	 0.0000000000000000e+00 	 0.0000000000000000e+00 	 1.5757057855440335e+03

	 0.413793 
	 2.4534004761876148e+08 	 9.0173466607520618e+06 	 0.0000000000000000e+00 	 0.0000000000000000e+00 	 0.0000000000000000e+00 	 1.7180710564067721e+07
	 9.0173466607223582e+06 	 5.2469472971585226e+08 	 0.0000000000000000e+00 	 0.0000000000000000e+00 	 0.0000000000000000e+00 	 2.2694326785036415e+07
	 0.0000000000000000e+00 	 0.0000000000000000e+00 	 1.4437400376960155e+10 	 7.6444945220223627e+09 	 -8.3951802233239785e+07 	 0.0000000000000000e+00
	 0.0000000000000000e+00 	 0.0000000000000000e+00 	 7.6444945220225410e+09 	 2.5017180880347755e+10 	 -6.0590456351346076e+08 	 0.0000000000000000e+00
	 0.0000000000000000e+00 	 0.0000000000000000e+00 	 -8.3951802233290672e+07 	 -6.0590456351360810e+08 	 5.8387418615956411e+09 	 0.0000000000000000e+00
	 1.7180710564133257e+07 	 2.2694326784973528e+07 	 0.0000000000000000e+00 	 0.0000000000000000e+00 	 0.0000000000000000e+00 	 5.7397688240110528e+08

	 4.4552421331741584e+02 	 0.0000000000000000e+00 	 0.0000000000000000e+00 	 0.0000000000000000e+00 	 0.0000000000000000e+00 	 -4.3908382598912732e+02
	 0.0000000000000000e+00 	 4.4552421331741584e+02 	 0.0000000000000000e+00 	 0.0000000000000000e+00 	 0.0000000000000000e+00 	 7.9156700694681987e+00
	 0.0000000000000000e+00 	 0.0000000000000000e+00 	 4.4552421331741584e+02 	 4.3908382598912732e+02 	 -7.9156700694681987e+00 	 0.0000000000000000e+00
	 0.0000000000000000e+00 	 0.0000000000000000e+00 	 4.3908382598912732e+02 	 1.3742356181027601e+03 	 -3.0863985859940708e+01 	 0.0000000000000000e+00
	 0.0000000000000000e+00 	 0.0000000000000000e+00 	 -7.9156700694681987e+00 	 -3.0863985859940708e+01 	 1.1069277182342715e+02 	 0.0000000000000000e+00
	 -4.3908382598912732e+02 	 7.9156700694681987e+00 	 0.0000000000000000e+00 	 0.0000000000000000e+00 	 0.0000000000000000e+00 	 1.4849283899261848e+03

	 0.448276 
	 1.4369595680078912e+08 	 6.4560830908911927e+06 	 0.0000000000000000e+00 	 0.0000000000000000e+00 	 0.0000000000000000e+00 	 1.5440821435993208e+07
	 6.4560830909848511e+06 	 4.4756779837681246e+08 	 0.0000000000000000e+00 	 0.0000000000000000e+00 	 0.0000000000000000e+00 	 2.1433645305699788e+07
	 0.0000000000000000e+00 	 0.0000000000000000e+00 	 1.3682792486443178e+10 	 7.6897094096628380e+09 	 -1.8604593457552727e+07 	 0.0000000000000000e+00
	 0.0000000000000000e+00 	 0.0000000000000000e+00 	 7.6897094096628742e+09 	 2.4188383957527512e+10 	 -4.8960786734779543e+08 	 0.0000000000000000e+00
	 0.0000000000000000e+00 	 0.0000000000000000e+00 	 -1.8604593457574338e+07 	 -4.8960786734791523e+08 	 4.6662752632612209e+09 	 0.0000000000000000e+00
	 1.5440821436002532e+07 	 2.1433645305848554e+07 	 0.0000000000000000e+00 	 0.0000000000000000e+00 	 0.0000000000000000e+00 	 3.9992565476199728e+08

	 4.0307530877796563e+02 	 0.0000000000000000e+00 	 0.0000000000000000e+00 	 0.0000000000000000e+00 	 0.0000000000000000e+00 	 -4.2522976761615075e+02
	 0.0000000000000000e+00 	 4.0307530877796563e+02 	 0.0000000000000000e+00 	 0.0000000000000000e+00 	 0.0000000000000000e+00 	 6.2217608121151837e+00
	 0.0000000000000000e+00 	 0.0000000000000000e+00 	 4.0307530877796563e+02 	 4.2522976761615075e+02 	 -6.2217608121151837e+00 	 0.0000000000000000e+00
	 0.0000000000000000e+00 	 0.0000000000000000e+00 	 4.2522976761615075e+02 	 1.2832937238927796e+03 	 -2.6182900370777897e+01 	 0.0000000000000000e+00
	 0.0000000000000000e+00 	 0.0000000000000000e+00 	 -6.2217608121151837e+00 	 -2.6182900370777897e+01 	 8.3065545398863307e+01 	 0.0000000000000000e+00
	 -4.2522976761615075e+02 	 6.2217608121151837e+00 	 0.0000000000000000e+00 	 0.0000000000000000e+00 	 0.0000000000000000e+00 	 1.3663592692916466e+03

	 0.482759 
	 1.2980036897474079e+08 	 5.1385349530903250e+06 	 0.0000000000000000e+00 	 0.0000000000000000e+00 	 0.0000000000000000e+00 	 1.4203092377716335e+07
	 5.1385349530456858e+06 	 4.3058600878314471e+08 	 0.0000000000000000e+00 	 0.0000000000000000e+00 	 0.0000000000000000e+00 	 1.8660624378574498e+07
	 0.0000000000000000e+00 	 0.0000000000000000e+00 	 1.2852472480881760e+10 	 6.7555353417863693e+09 	 2.2482032549190234e+07 	 0.0000000000000000e+00
	 0.0000000000000000e+00 	 0.0000000000000000e+00 	 6.7555353417863560e+09 	 2.0136108553332134e+10 	 -3.6808266912138879e+08 	 0.0000000000000000e+00
	 0.0000000000000000e+00 	 0.0000000000000000e+00 	 2.2482032548931502e+07 	 -3.6808266912170702e+08 	 3.6771759410463643e+09 	 0.0000000000000000e+00
	 1.4203092377680803e+07 	 1.8660624378715605e+07 	 0.0000000000000000e+00 	 0.0000000000000000e+00 	 0.0000000000000000e+00 	 3.2102551404781330e+08

	 3.7414318132475057e+02 	 0.0000000000000000e+00 	 0.0000000000000000e+00 	 0.0000000000000000e+00 	 0.0000000000000000e+00 	 -3.7185452198315778e+02
	 0.0000000000000000e+00 	 3.7414318132475057e+02 	 0.0000000000000000e+00 	 0.0000000000000000e+00 	 0.0000000000000000e+00 	 5.2004405747867066e+00
	 0.0000000000000000e+00 	 0.0000000000000000e+00 	 3.7414318132475057e+02 	 3.7185452198315778e+02 	 -5.2004405747867066e+00 	 0.0000000000000000e+00
	 0.0000000000000000e+00 	 0.0000000000000000e+00 	 3.7185452198315778e+02 	 1.0657826284232658e+03 	 -2.1771548810846458e+01 	 0.0000000000000000e+00
	 0.0000000000000000e+00 	 0.0000000000000000e+00 	 -5.2004405747867066e+00 	 -2.1771548810846458e+01 	 6.4922628339452942e+01 	 0.0000000000000000e+00
	 -3.7185452198315778e+02 	 5.2004405747867066e+00 	 0.0000000000000000e+00 	 0.0000000000000000e+00 	 0.0000000000000000e+00 	 1.1307052567627179e+03

	 0.517241 
	 1.1809448617733367e+08 	 4.8999044904942131e+06 	 0.0000000000000000e+00 	 0.0000000000000000e+00 	 0.0000000000000000e+00 	 1.3192045404792206e+07
	 4.8999044906399427e+06 	 4.1032261836252469e+08 	 0.0000000000000000e+00 	 0.0000000000000000e+00 	 0.0000000000000000e+00 	 1.5889386907987546e+07
	 0.0000000000000000e+00 	 0.0000000000000000e+00 	 1.1813729060442141e+10 	 5.3324760129138727e+09 	 1.3506165987007946e+05 	 0.0000000000000000e+00
	 0.0000000000000000e+00 	 0.0000000000000000e+00 	 5.3324760129137354e+09 	 1.5074546392958218e+10 	 -2.9076512936473775e+08 	 0.0000000000000000e+00
	 0.0000000000000000e+00 	 0.0000000000000000e+00 	 1.3506165985730526e+05 	 -2.9076512936475712e+08 	 2.8978863413240647e+09 	 0.0000000000000000e+00
	 1.3192045404769275e+07 	 1.5889386907936459e+07 	 0.0000000000000000e+00 	 0.0000000000000000e+00 	 0.0000000000000000e+00 	 2.5854672886857328e+08

	 3.3612186092926044e+02 	 0.0000000000000000e+00 	 0.0000000000000000e+00 	 0.0000000000000000e+00 	 0.0000000000000000e+00 	 -2.9378376958656304e+02
	 0.0000000000000000e+00 	 3.3612186092926044e+02 	 0.0000000000000000e+00 	 0.0000000000000000e+00 	 0.0000000000000000e+00 	 5.1735198340080562e+00
	 0.0000000000000000e+00 	 0.0000000000000000e+00 	 3.3612186092926044e+02 	 2.9378376958656304e+02 	 -5.1735198340080562e+00 	 0.0000000000000000e+00
	 0.0000000000000000e+00 	 0.0000000000000000e+00 	 2.9378376958656304e+02 	 7.9360550110310317e+02 	 -1.7430193099873705e+01 	 0.0000000000000000e+00
	 0.0000000000000000e+00 	 0.0000000000000000e+00 	 -5.1735198340080562e+00 	 -1.7430193099873705e+01 	 5.0861932109778351e+01 	 0.0000000000000000e+00
	 -2.9378376958656304e+02 	 5.1735198340080562e+00 	 0.0000000000000000e+00 	 0.0000000000000000e+00 	 0.0000000000000000e+00 	 8.4446743321288136e+02

	 0.551724 
	 1.0724646138610026e+08 	 4.8463394422978442e+06 	 0.0000000000000000e+00 	 0.0000000000000000e+00 	 0.0000000000000000e+00 	 1.2352866830984736e+07
	 4.8463394421600401e+06 	 3.9087588291310936e+08 	 0.0000000000000000e+00 	 0.0000000000000000e+00 	 0.0000000000000000e+00 	 1.3539268133942474e+07
	 0.0000000000000000e+00 	 0.0000000000000000e+00 	 1.0828518727126352e+10 	 4.2629895914050689e+09 	 -2.4572814014160197e+07 	 0.0000000000000000e+00
	 0.0000000000000000e+00 	 0.0000000000000000e+00 	 4.2629895914059825e+09 	 1.1387831646199118e+10 	 -2.2774651538917297e+08 	 0.0000000000000000e+00
	 0.0000000000000000e+00 	 0.0000000000000000e+00 	 -2.4572814014220279e+07 	 -2.2774651538897410e+08 	 2.2409803065670810e+09 	 0.0000000000000000e+00
	 1.2352866831036208e+07 	 1.3539268133936917e+07 	 0.0000000000000000e+00 	 0.0000000000000000e+00 	 0.0000000000000000e+00 	 2.0653091388838330e+08

	 3.0330780043379616e+02 	 0.0000000000000000e+00 	 0.0000000000000000e+00 	 0.0000000000000000e+00 	 0.0000000000000000e+00 	 -2.3562892895751855e+02
	 0.0000000000000000e+00 	 3.0330780043379616e+02 	 0.0000000000000000e+00 	 0.0000000000000000e+00 	 0.0000000000000000e+00 	 5.1984035627864040e+00
	 0.0000000000000000e+00 	 0.0000000000000000e+00 	 3.0330780043379616e+02 	 2.3562892895751855e+02 	 -5.1984035627864040e+00 	 0.0000000000000000e+00
	 0.0000000000000000e+00 	 0.0000000000000000e+00 	 2.3562892895751855e+02 	 5.9871019603463378e+02 	 -1.4016586101309336e+01 	 0.0000000000000000e+00
	 0.0000000000000000e+00 	 0.0000000000000000e+00 	 -5.1984035627864040e+00 	 -1.4016586101309336e+01 	 3.9164018467927370e+01 	 0.0000000000000000e+00
	 -2.3562892895751855e+02 	 5.1984035627864040e+00 	 0.0000000000000000e+00 	 0.0000000000000000e+00 	 0.0000000000000000e+00 	 6.3787421450255908e+02

	 0.586207 
	 9.1410923957992241e+07 	 3.7293044597941809e+06 	 0.0000000000000000e+00 	 0.0000000000000000e+00 	 0.0000000000000000e+00 	 9.2181529359415080e+06
	 3.7293044598602159e+06 	 3.1931957394852650e+08 	 0.0000000000000000e+00 	 0.0000000000000000e+00 	 0.0000000000000000e+00 	 9.4875879316962976e+06
	 0.0000000000000000e+00 	 0.0000000000000000e+00 	 9.6939809073109360e+09 	 3.3287763541506577e+09 	 -4.5097615655645676e+07 	 0.0000000000000000e+00
	 0.0000000000000000e+00 	 0.0000000000000000e+00 	 3.3287763541500845e+09 	 8.3980008882673988e+09 	 -1.7574160261177883e+08 	 0.0000000000000000e+00
	 0.0000000000000000e+00 	 0.0000000000000000e+00 	 -4.5097615655734621e+07 	 -1.7574160261192709e+08 	 1.6864487163236656e+09 	 0.0000000000000000e+00
	 9.2181529359157030e+06 	 9.4875879316945747e+06 	 0.0000000000000000e+00 	 0.0000000000000000e+00 	 0.0000000000000000e+00 	 1.4675096583069289e+08

	 2.6027993317994373e+02 	 0.0000000000000000e+00 	 0.0000000000000000e+00 	 0.0000000000000000e+00 	 0.0000000000000000e+00 	 -1.8238503111215914e+02
	 0.0000000000000000e+00 	 2.6027993317994373e+02 	 0.0000000000000000e+00 	 0.0000000000000000e+00 	 0.0000000000000000e+00 	 4.8040551974164964e+00
	 0.0000000000000000e+00 	 0.0000000000000000e+00 	 2.6027993317994373e+02 	 1.8238503111215914e+02 	 -4.8040551974164964e+00 	 0.0000000000000000e+00
	 0.0000000000000000e+00 	 0.0000000000000000e+00 	 1.8238503111215914e+02 	 4.3544758722243773e+02 	 -1.0769978490978090e+01 	 0.0000000000000000e+00
	 0.0000000000000000e+00 	 0.0000000000000000e+00 	 -4.8040551974164964e+00 	 -1.0769978490978090e+01 	 2.8418355263183940e+01 	 0.0000000000000000e+00
	 -1.8238503111215914e+02 	 4.8040551974164964e+00 	 0.0000000000000000e+00 	 0.0000000000000000e+00 	 0.0000000000000000e+00 	 4.6386594248562301e+02

	 0.620690 
	 8.2402468109636664e+07 	 2.3810050813228255e+06 	 0.0000000000000000e+00 	 0.0000000000000000e+00 	 0.0000000000000000e+00 	 8.5834428863078114e+06
	 2.3810050813303110e+06 	 3.0971756985889202e+08 	 0.0000000000000000e+00 	 0.0000000000000000e+00 	 0.0000000000000000e+00 	 1.1239562985513734e+07
	 0.0000000000000000e+00 	 0.0000000000000000e+00 	 9.0829326873812389e+09 	 3.3357024269408169e+09 	 -7.2493293136311337e+07 	 0.0000000000000000e+00
	 0.0000000000000000e+00 	 0.0000000000000000e+00 	 3.3357024269408064e+09 	 7.8835872576912203e+09 	 -1.4650873831785208e+08 	 0.0000000000000000e+00
	 0.0000000000000000e+00 	 0.0000000000000000e+00 	 -7.2493293136300817e+07 	 -1.4650873831782728e+08 	 1.2568161327028525e+09 	 0.0000000000000000e+00
	 8.5834428862855881e+06 	 1.1239562985545410e+07 	 0.0000000000000000e+00 	 0.0000000000000000e+00 	 0.0000000000000000e+00 	 1.1492154143385591e+08

	 2.4658240988972230e+02 	 0.0000000000000000e+00 	 0.0000000000000000e+00 	 0.0000000000000000e+00 	 0.0000000000000000e+00 	 -1.7696631493353871e+02
	 0.0000000000000000e+00 	 2.4658240988972230e+02 	 0.0000000000000000e+00 	 0.0000000000000000e+00 	 0.0000000000000000e+00 	 4.8842454613977475e+00
	 0.0000000000000000e+00 	 0.0000000000000000e+00 	 2.4658240988972230e+02 	 1.7696631493353871e+02 	 -4.8842454613977475e+00 	 0.0000000000000000e+00
	 0.0000000000000000e+00 	 0.0000000000000000e+00 	 1.7696631493353871e+02 	 3.9852608138201128e+02 	 -8.8387922302411894e+00 	 0.0000000000000000e+00
	 0.0000000000000000e+00 	 0.0000000000000000e+00 	 -4.8842454613977475e+00 	 -8.8387922302411894e+00 	 2.1153671848744850e+01 	 0.0000000000000000e+00
	 -1.7696631493353871e+02 	 4.8842454613977475e+00 	 0.0000000000000000e+00 	 0.0000000000000000e+00 	 0.0000000000000000e+00 	 4.1967975323075626e+02

	 0.655172 
	 7.3737365992245212e+07 	 2.2639508391364506e+06 	 0.0000000000000000e+00 	 0.0000000000000000e+00 	 0.0000000000000000e+00 	 7.8571976174369641e+06
	 2.2639508391258866e+06 	 2.9516029707217085e+08 	 0.0000000000000000e+00 	 0.0000000000000000e+00 	 0.0000000000000000e+00 	 1.0172668796957323e+07
	 0.0000000000000000e+00 	 0.0000000000000000e+00 	 8.2013092064559040e+09 	 2.6846709704293098e+09 	 -9.2034542064086705e+07 	 0.0000000000000000e+00
	 0.0000000000000000e+00 	 0.0000000000000000e+00 	 2.6846709704293170e+09 	 5.9252225281850471e+09 	 -1.1347703855201216e+08 	 0.0000000000000000e+00
	 0.0000000000000000e+00 	 0.0000000000000000e+00 	 -9.2034542064055011e+07 	 -1.1347703855201568e+08 	 9.1550086980889273e+08 	 0.0000000000000000e+00
	 7.8571976174296467e+06 	 1.0172668796940498e+07 	 0.0000000000000000e+00 	 0.0000000000000000e+00 	 0.0000000000000000e+00 	 8.8245279087433279e+07

	 2.2051359030658116e+02 	 0.0000000000000000e+00 	 0.0000000000000000e+00 	 0.0000000000000000e+00 	 0.0000000000000000e+00 	 -1.4172088666652354e+02
	 0.0000000000000000e+00 	 2.2051359030658116e+02 	 0.0000000000000000e+00 	 0.0000000000000000e+00 	 0.0000000000000000e+00 	 4.6872634787963801e+00
	 0.0000000000000000e+00 	 0.0000000000000000e+00 	 2.2051359030658116e+02 	 1.4172088666652354e+02 	 -4.6872634787963801e+00 	 0.0000000000000000e+00
	 0.0000000000000000e+00 	 0.0000000000000000e+00 	 1.4172088666652354e+02 	 2.9702937529187278e+02 	 -6.7985802764548744e+00 	 0.0000000000000000e+00
	 0.0000000000000000e+00 	 0.0000000000000000e+00 	 -4.6872634787963801e+00 	 -6.7985802764548744e+00 	 1.5410787461639513e+01 	 0.0000000000000000e+00
	 -1.4172088666652354e+02 	 4.6872634787963801e+00 	 0.0000000000000000e+00 	 0.0000000000000000e+00 	 0.0000000000000000e+00 	 3.1244016275351294e+02

	 0.689655 
	 6.5275845876395956e+07 	 2.7709335253743273e+06 	 0.0000000000000000e+00 	 0.0000000000000000e+00 	 0.0000000000000000e+00 	 7.2175173472443633e+06
	 2.7709335254112012e+06 	 2.7919575649152356e+08 	 0.0000000000000000e+00 	 0.0000000000000000e+00 	 0.0000000000000000e+00 	 7.9562600797186801e+06
	 0.0000000000000000e+00 	 0.0000000000000000e+00 	 7.1950113412113256e+09 	 1.8201589378971252e+09 	 -1.0381590363403210e+08 	 0.0000000000000000e+00
	 0.0000000000000000e+00 	 0.0000000000000000e+00 	 1.8201589378971384e+09 	 3.7701866936662588e+09 	 -8.0271664106020838e+07 	 0.0000000000000000e+00
	 0.0000000000000000e+00 	 0.0000000000000000e+00 	 -1.0381590363404253e+08 	 -8.0271664106026113e+07 	 6.5045407024244237e+08 	 0.0000000000000000e+00
	 7.2175173472428620e+06 	 7.9562600797261307e+06 	 0.0000000000000000e+00 	 0.0000000000000000e+00 	 0.0000000000000000e+00 	 6.6233733330870748e+07

	 7.778594798691975e+02   	 0.0000000000000000e+00 	 0.0000000000000000e+00 	 0.0000000000000000e+00 	 0.0000000000000000e+00 	 -9.7993831247384946e+01
	 0.0000000000000000e+00 	 7.778594798691975e+02  	 0.0000000000000000e+00 	 0.0000000000000000e+00 	 0.0000000000000000e+00 	 4.2801178758967531e+00
	 0.0000000000000000e+00 	 0.0000000000000000e+00 	 7.778594798691975e+02  	 9.7993831247384946e+01 	 -4.2801178758967531e+00 	 0.0000000000000000e+00
	 0.0000000000000000e+00 	 0.0000000000000000e+00 	 9.7993831247384946e+01 	 1.9008185963255923e+02 	 -4.8604073133754460e+00 	 0.0000000000000000e+00
	 0.0000000000000000e+00 	 0.0000000000000000e+00 	 -4.2801178758967531e+00 	 -4.8604073133754460e+00 	 1.0962455713972719e+01 	 0.0000000000000000e+00
	 -9.7993831247384946e+01 	 4.2801178758967531e+00 	 0.0000000000000000e+00 	 0.0000000000000000e+00 	 0.0000000000000000e+00 	 2.0104431534653244e+02

	 0.724138 
	 5.7210148950868025e+07 	 2.7545214708089079e+06 	 0.0000000000000000e+00 	 0.0000000000000000e+00 	 0.0000000000000000e+00 	 6.4141308769379621e+06
	 2.7545214708133428e+06 	 2.6545545585263669e+08 	 0.0000000000000000e+00 	 0.0000000000000000e+00 	 0.0000000000000000e+00 	 7.0825254318821235e+06
	 0.0000000000000000e+00 	 0.0000000000000000e+00 	 6.3706064139348364e+09 	 1.3600506290927684e+09 	 -1.1173413254724205e+08 	 0.0000000000000000e+00
	 0.0000000000000000e+00 	 0.0000000000000000e+00 	 1.3600506290927932e+09 	 2.6370527499594688e+09 	 -5.6517966924343765e+07 	 0.0000000000000000e+00
	 0.0000000000000000e+00 	 0.0000000000000000e+00 	 -1.1173413254724146e+08 	 -5.6517966924340859e+07 	 4.4925261216616535e+08 	 0.0000000000000000e+00
	 6.4141308769401852e+06 	 7.0825254318794385e+06 	 0.0000000000000000e+00 	 0.0000000000000000e+00 	 0.0000000000000000e+00 	 4.8722579587832727e+07

