 ------- BEAMDYN V1.00.* INDIVIDUAL BLADE INPUT FILE --------------------------
 Test Format 1
 ---------------------- BLADE PARAMETERS --------------------------------------
30   station_total    - Number of blade input stations (-)
 1   damp_type        - Damping type: 0: no damping; 1: damped
  ---------------------- DAMPING COEFFICIENT------------------------------------
   mu1        mu2        mu3        mu4        mu5        mu6
   (-)        (-)        (-)        (-)        (-)        (-)
0.020544812    0.012991535    0.012991535    0.012991535    0.020544812    0.012991535
 ---------------------- DISTRIBUTED PROPERTIES---------------------------------
	 0.000000 
	 4.5912897105705194e+09 	 -1.3658962449772249e-01 	 0.0000000000000000e+00 	 0.0000000000000000e+00 	 0.0000000000000000e+00 	 8.0325936196584098e+02
	 -1.3585422811812711e-01 	 4.5912885617220058e+09 	 0.0000000000000000e+00 	 0.0000000000000000e+00 	 0.0000000000000000e+00 	 -1.4368962960488876e+00
	 0.0000000000000000e+00 	 0.0000000000000000e+00 	 3.1374580930104511e+10 	 -5.5773176060143069e+03 	 3.0919600841761823e+00 	 0.0000000000000000e+00
	 0.0000000000000000e+00 	 0.0000000000000000e+00 	 -5.5773182636378424e+03 	 7.6575011146358780e+10 	 8.4298152307103500e+00 	 0.0000000000000000e+00
	 0.0000000000000000e+00 	 0.0000000000000000e+00 	 3.0916312582645769e+00 	 8.4303835982246635e+00 	 7.6575029782154709e+10 	 0.0000000000000000e+00
	 8.0325936292956590e+02 	 -1.4368949054272584e+00 	 0.0000000000000000e+00 	 0.0000000000000000e+00 	 0.0000000000000000e+00 	 4.4795267388316452e+10

	 2.1714704203663259e+03 	 0.0000000000000000e+00 	 0.0000000000000000e+00 	 0.0000000000000000e+00 	 0.0000000000000000e+00 	 3.8578309354041912e-04
	 0.0000000000000000e+00 	 2.1714704203663259e+03 	 0.0000000000000000e+00 	 0.0000000000000000e+00 	 0.0000000000000000e+00 	 -2.5175705840613932e-07
	 0.0000000000000000e+00 	 0.0000000000000000e+00 	 2.1714704203663259e+03 	 -3.8578309354041912e-04 	 2.5175705840613932e-07 	 0.0000000000000000e+00
	 0.0000000000000000e+00 	 0.0000000000000000e+00 	 -3.8578309354041912e-04 	 5.3010736659241675e+03 	 5.6631884933042338e-07 	 0.0000000000000000e+00
	 0.0000000000000000e+00 	 0.0000000000000000e+00 	 2.5175705840613932e-07 	 5.6631884933042338e-07 	 5.3010749583065090e+03 	 0.0000000000000000e+00
	 3.8578309354041912e-04 	 -2.5175705840613932e-07 	 0.0000000000000000e+00 	 0.0000000000000000e+00 	 0.0000000000000000e+00 	 1.0602148624230702e+04

	 0.034483 
	 3.1626922523962474e+09 	 -1.3010771507945322e+07 	 0.0000000000000000e+00 	 0.0000000000000000e+00 	 0.0000000000000000e+00 	 -1.1738005698450196e+08
	 -1.3010771508020870e+07 	 3.6923742306183848e+09 	 0.0000000000000000e+00 	 0.0000000000000000e+00 	 0.0000000000000000e+00 	 1.9735129202474069e+07
	 0.0000000000000000e+00 	 0.0000000000000000e+00 	 2.4925463508912701e+10 	 1.1237433788049386e+09 	 -1.2029981872518839e+08 	 0.0000000000000000e+00
	 0.0000000000000000e+00 	 0.0000000000000000e+00 	 1.1237433788043292e+09 	 5.5793374410000793e+10 	 -1.8525416781968479e+09 	 0.0000000000000000e+00
	 0.0000000000000000e+00 	 0.0000000000000000e+00 	 -1.2029981872577113e+08 	 -1.8525416781969950e+09 	 5.3299682365286034e+10 	 0.0000000000000000e+00
	 -1.1738005698449051e+08 	 1.9735129202442914e+07 	 0.0000000000000000e+00 	 0.0000000000000000e+00 	 0.0000000000000000e+00 	 2.9989111168561207e+10

	 1.6365205425658044e+03 	 0.0000000000000000e+00 	 0.0000000000000000e+00 	 0.0000000000000000e+00 	 0.0000000000000000e+00 	 -7.7884162459075739e+01
	 0.0000000000000000e+00 	 1.6365205425658044e+03 	 0.0000000000000000e+00 	 0.0000000000000000e+00 	 0.0000000000000000e+00 	 8.0873616979365401e+00
	 0.0000000000000000e+00 	 0.0000000000000000e+00 	 1.6365205425658044e+03 	 7.7884162459075739e+01 	 -8.0873616979365401e+00 	 0.0000000000000000e+00
	 0.0000000000000000e+00 	 0.0000000000000000e+00 	 7.7884162459075739e+01 	 3.8280260951993637e+03 	 -2.1704629544540015e+01 	 0.0000000000000000e+00
	 0.0000000000000000e+00 	 0.0000000000000000e+00 	 -8.0873616979365401e+00 	 -2.1704629544540015e+01 	 3.3637439664128042e+03 	 0.0000000000000000e+00
	 -7.7884162459075739e+01 	 8.0873616979365401e+00 	 0.0000000000000000e+00 	 0.0000000000000000e+00 	 0.0000000000000000e+00 	 7.1917700616121620e+03

	 0.068966 
	 1.5837118151541891e+09 	 -1.3365737482921995e+07 	 0.0000000000000000e+00 	 0.0000000000000000e+00 	 0.0000000000000000e+00 	 1.5203771082990104e+08
	 -1.3365737482938552e+07 	 2.9638698147039137e+09 	 0.0000000000000000e+00 	 0.0000000000000000e+00 	 0.0000000000000000e+00 	 4.0644859382773347e+07
	 0.0000000000000000e+00 	 0.0000000000000000e+00 	 1.9208804432871925e+10 	 1.5980576675936646e+09 	 -1.5434808691441622e+08 	 0.0000000000000000e+00
	 0.0000000000000000e+00 	 0.0000000000000000e+00 	 1.5980576675933130e+09 	 3.5782871816588272e+10 	 -2.0048721371939077e+09 	 0.0000000000000000e+00
	 0.0000000000000000e+00 	 0.0000000000000000e+00 	 -1.5434808691424596e+08 	 -2.0048721371938839e+09 	 2.5171860272800583e+10 	 0.0000000000000000e+00
	 1.5203771082994327e+08 	 4.0644859382805176e+07 	 0.0000000000000000e+00 	 0.0000000000000000e+00 	 0.0000000000000000e+00 	 1.3657009125441038e+10

	 1.1642244695515374e+03 	 0.0000000000000000e+00 	 0.0000000000000000e+00 	 0.0000000000000000e+00 	 0.0000000000000000e+00 	 -8.4805395771576713e+01
	 0.0000000000000000e+00 	 1.1642244695515374e+03 	 0.0000000000000000e+00 	 0.0000000000000000e+00 	 0.0000000000000000e+00 	 1.7852841871559676e+01
	 0.0000000000000000e+00 	 0.0000000000000000e+00 	 1.1642244695515374e+03 	 8.4805395771576713e+01 	 -1.7852841871559676e+01 	 0.0000000000000000e+00
	 0.0000000000000000e+00 	 0.0000000000000000e+00 	 8.4805395771576713e+01 	 2.4461766626462008e+03 	 -3.5487889411814635e+01 	 0.0000000000000000e+00
	 0.0000000000000000e+00 	 0.0000000000000000e+00 	 -1.7852841871559676e+01 	 -3.5487889411814635e+01 	 1.3827400066049443e+03 	 0.0000000000000000e+00
	 -8.4805395771576713e+01 	 1.7852841871559676e+01 	 0.0000000000000000e+00 	 0.0000000000000000e+00 	 0.0000000000000000e+00 	 3.8289166692511599e+03

	 0.103448 
	 8.8405815464625502e+08 	 7.0591423666589484e+07 	 0.0000000000000000e+00 	 0.0000000000000000e+00 	 0.0000000000000000e+00 	 3.0596545223492008e+08
	 7.0591423666711822e+07 	 2.3629260467806134e+09 	 0.0000000000000000e+00 	 0.0000000000000000e+00 	 0.0000000000000000e+00 	 4.3476116971308686e+07
	 0.0000000000000000e+00 	 0.0000000000000000e+00 	 1.5980834148860033e+10 	 2.1492421282131324e+09 	 -1.2723908197720651e+08 	 0.0000000000000000e+00
	 0.0000000000000000e+00 	 0.0000000000000000e+00 	 2.1492421282130651e+09 	 2.4026146348607124e+10 	 -1.4482337987318702e+09 	 0.0000000000000000e+00
	 0.0000000000000000e+00 	 0.0000000000000000e+00 	 -1.2723908197723009e+08 	 -1.4482337987318439e+09 	 1.1167663733984882e+10 	 0.0000000000000000e+00
	 3.0596545223487818e+08 	 4.3476116971230507e+07 	 0.0000000000000000e+00 	 0.0000000000000000e+00 	 0.0000000000000000e+00 	 5.1841417574373293e+09

	 9.1381642452870608e+02 	 0.0000000000000000e+00 	 0.0000000000000000e+00 	 0.0000000000000000e+00 	 0.0000000000000000e+00 	 -1.2175889484666759e+02
	 0.0000000000000000e+00 	 9.1381642452870608e+02 	 0.0000000000000000e+00 	 0.0000000000000000e+00 	 0.0000000000000000e+00 	 1.6963191268729226e+01
	 0.0000000000000000e+00 	 0.0000000000000000e+00 	 9.1381642452870608e+02 	 1.2175889484666759e+02 	 -1.6963191268729226e+01 	 0.0000000000000000e+00
	 0.0000000000000000e+00 	 0.0000000000000000e+00 	 1.2175889484666759e+02 	 1.6417528685032707e+03 	 -4.5670553261249033e+01 	 0.0000000000000000e+00
	 0.0000000000000000e+00 	 0.0000000000000000e+00 	 -1.6963191268729226e+01 	 -4.5670553261249033e+01 	 5.2508128744910925e+02 	 0.0000000000000000e+00
	 -1.2175889484666759e+02 	 1.6963191268729226e+01 	 0.0000000000000000e+00 	 0.0000000000000000e+00 	 0.0000000000000000e+00 	 2.1668341559523778e+03

	 0.137931 
	 5.5804458130405164e+08 	 6.0471977378051274e+07 	 0.0000000000000000e+00 	 0.0000000000000000e+00 	 0.0000000000000000e+00 	 1.9645932000314966e+08
	 6.0471977378202699e+07 	 1.7794277392933199e+09 	 0.0000000000000000e+00 	 0.0000000000000000e+00 	 0.0000000000000000e+00 	 4.9247054267090984e+07
	 0.0000000000000000e+00 	 0.0000000000000000e+00 	 1.4108780634229393e+10 	 2.7642827414740043e+09 	 -1.5633664318277526e+08 	 0.0000000000000000e+00
	 0.0000000000000000e+00 	 0.0000000000000000e+00 	 2.7642827414739294e+09 	 1.8387809732352905e+10 	 -1.2738403390224845e+09 	 0.0000000000000000e+00
	 0.0000000000000000e+00 	 0.0000000000000000e+00 	 -1.5633664318281087e+08 	 -1.2738403390225544e+09 	 7.7668948445491133e+09 	 0.0000000000000000e+00
	 1.9645932000308096e+08 	 4.9247054267073981e+07 	 0.0000000000000000e+00 	 0.0000000000000000e+00 	 0.0000000000000000e+00 	 2.7889334966599398e+09

	 7.1092046386426466e+02 	 0.0000000000000000e+00 	 0.0000000000000000e+00 	 0.0000000000000000e+00 	 0.0000000000000000e+00 	 -1.6357605053159523e+02
	 0.0000000000000000e+00 	 7.1092046386426466e+02 	 0.0000000000000000e+00 	 0.0000000000000000e+00 	 0.0000000000000000e+00 	 1.7782961406278716e+01
	 0.0000000000000000e+00 	 0.0000000000000000e+00 	 7.1092046386426466e+02 	 1.6357605053159523e+02 	 -1.7782961406278716e+01 	 0.0000000000000000e+00
	 0.0000000000000000e+00 	 0.0000000000000000e+00 	 1.6357605053159523e+02 	 1.2406652969142394e+03 	 -4.1626909601939808e+01 	 0.0000000000000000e+00
	 0.0000000000000000e+00 	 0.0000000000000000e+00 	 -1.7782961406278716e+01 	 -4.1626909601939808e+01 	 2.9837933056368070e+02 	 0.0000000000000000e+00
	 -1.6357605053159523e+02 	 1.7782961406278716e+01 	 0.0000000000000000e+00 	 0.0000000000000000e+00 	 0.0000000000000000e+00 	 1.5390446274779154e+03

	 0.172414 
	 3.5376080367294133e+08 	 4.6373950603674434e+07 	 0.0000000000000000e+00 	 0.0000000000000000e+00 	 0.0000000000000000e+00 	 1.2401577468179260e+08
	 4.6373950603672571e+07 	 1.2899775187578411e+09 	 0.0000000000000000e+00 	 0.0000000000000000e+00 	 0.0000000000000000e+00 	 5.0222320569395900e+07
	 0.0000000000000000e+00 	 0.0000000000000000e+00 	 1.2894219459359360e+10 	 3.0635211282958097e+09 	 -1.7636456305105972e+08 	 0.0000000000000000e+00
	 0.0000000000000000e+00 	 0.0000000000000000e+00 	 3.0635211282958345e+09 	 1.4621965680312916e+10 	 -9.7076241081984735e+08 	 0.0000000000000000e+00
	 0.0000000000000000e+00 	 0.0000000000000000e+00 	 -1.7636456305095708e+08 	 -9.7076241081995237e+08 	 5.3282331932060003e+09 	 0.0000000000000000e+00
	 1.2401577468174993e+08 	 5.0222320569360018e+07 	 0.0000000000000000e+00 	 0.0000000000000000e+00 	 0.0000000000000000e+00 	 1.3919819030586181e+09

	 5.5855031731286454e+02 	 0.0000000000000000e+00 	 0.0000000000000000e+00 	 0.0000000000000000e+00 	 0.0000000000000000e+00 	 -1.8439294537058831e+02
	 0.0000000000000000e+00 	 5.5855031731286454e+02 	 0.0000000000000000e+00 	 0.0000000000000000e+00 	 0.0000000000000000e+00 	 1.7102579331856226e+01
	 0.0000000000000000e+00 	 0.0000000000000000e+00 	 5.5855031731286454e+02 	 1.8439294537058831e+02 	 -1.7102579331856226e+01 	 0.0000000000000000e+00
	 0.0000000000000000e+00 	 0.0000000000000000e+00 	 1.8439294537058831e+02 	 9.6993227244376044e+02 	 -3.4326459297705753e+01 	 0.0000000000000000e+00
	 0.0000000000000000e+00 	 0.0000000000000000e+00 	 -1.7102579331856226e+01 	 -3.4326459297705753e+01 	 1.6453430234341261e+02 	 0.0000000000000000e+00
	 -1.8439294537058831e+02 	 1.7102579331856226e+01 	 0.0000000000000000e+00 	 0.0000000000000000e+00 	 0.0000000000000000e+00 	 1.1344665747871773e+03

	 0.206897 
	 2.5121663429180169e+08 	 3.7968087825341284e+07 	 0.0000000000000000e+00 	 0.0000000000000000e+00 	 0.0000000000000000e+00 	 5.9388944426894084e+07
	 3.7968087825350970e+07 	 9.0458330688120067e+08 	 0.0000000000000000e+00 	 0.0000000000000000e+00 	 0.0000000000000000e+00 	 3.5523789403022155e+07
	 0.0000000000000000e+00 	 0.0000000000000000e+00 	 1.2316354801579538e+10 	 3.3883465834531155e+09 	 -6.0535754992299445e+07 	 0.0000000000000000e+00
	 0.0000000000000000e+00 	 0.0000000000000000e+00 	 3.3883465834530239e+09 	 1.2525091325446121e+10 	 -7.9427272201502633e+08 	 0.0000000000000000e+00
	 0.0000000000000000e+00 	 0.0000000000000000e+00 	 -6.0535754992472157e+07 	 -7.9427272201509452e+08 	 4.1737194359198041e+09 	 0.0000000000000000e+00
	 5.9388944426885717e+07 	 3.5523789403062969e+07 	 0.0000000000000000e+00 	 0.0000000000000000e+00 	 0.0000000000000000e+00 	 7.3832114155511749e+08

	 4.5457970536126663e+02 	 0.0000000000000000e+00 	 0.0000000000000000e+00 	 0.0000000000000000e+00 	 0.0000000000000000e+00 	 -2.0456666601183318e+02
	 0.0000000000000000e+00 	 4.5457970536126663e+02 	 0.0000000000000000e+00 	 0.0000000000000000e+00 	 0.0000000000000000e+00 	 1.0518621245001434e+01
	 0.0000000000000000e+00 	 0.0000000000000000e+00 	 4.5457970536126663e+02 	 2.0456666601183318e+02 	 -1.0518621245001434e+01 	 0.0000000000000000e+00
	 0.0000000000000000e+00 	 0.0000000000000000e+00 	 2.0456666601183318e+02 	 8.1012830789793395e+02 	 -2.8878468790789171e+01 	 0.0000000000000000e+00
	 0.0000000000000000e+00 	 0.0000000000000000e+00 	 -1.0518621245001434e+01 	 -2.8878468790789171e+01 	 1.0250971953739133e+02 	 0.0000000000000000e+00
	 -2.0456666601183318e+02 	 1.0518621245001434e+01 	 0.0000000000000000e+00 	 0.0000000000000000e+00 	 0.0000000000000000e+00 	 9.1263802743532551e+02

	 0.241379 
	 2.0698384258198157e+08 	 2.4647677290997513e+07 	 0.0000000000000000e+00 	 0.0000000000000000e+00 	 0.0000000000000000e+00 	 3.2835017254001476e+07
	 2.4647677290913109e+07 	 6.4168405014996517e+08 	 0.0000000000000000e+00 	 0.0000000000000000e+00 	 0.0000000000000000e+00 	 3.1903070069679298e+07
	 0.0000000000000000e+00 	 0.0000000000000000e+00 	 1.2141441981537439e+10 	 3.2889938670570021e+09 	 -1.5174656290772736e+08 	 0.0000000000000000e+00
	 0.0000000000000000e+00 	 0.0000000000000000e+00 	 3.2889938670571489e+09 	 1.1299265333416111e+10 	 -5.9446646333591294e+08 	 0.0000000000000000e+00
	 0.0000000000000000e+00 	 0.0000000000000000e+00 	 -1.5174656290776545e+08 	 -5.9446646333591473e+08 	 3.7939040506607542e+09 	 0.0000000000000000e+00
	 3.2835017253982008e+07 	 3.1903070069684811e+07 	 0.0000000000000000e+00 	 0.0000000000000000e+00 	 0.0000000000000000e+00 	 4.6591844056199986e+08

	 3.9189980572619027e+02 	 0.0000000000000000e+00 	 0.0000000000000000e+00 	 0.0000000000000000e+00 	 0.0000000000000000e+00 	 -2.0470869714339472e+02
	 0.0000000000000000e+00 	 3.9189980572619027e+02 	 0.0000000000000000e+00 	 0.0000000000000000e+00 	 0.0000000000000000e+00 	 1.1519842227675955e+01
	 0.0000000000000000e+00 	 0.0000000000000000e+00 	 3.9189980572619027e+02 	 2.0470869714339472e+02 	 -1.1519842227675955e+01 	 0.0000000000000000e+00
	 0.0000000000000000e+00 	 0.0000000000000000e+00 	 2.0470869714339472e+02 	 7.1641451813869116e+02 	 -2.4445267919897351e+01 	 0.0000000000000000e+00
	 0.0000000000000000e+00 	 0.0000000000000000e+00 	 -1.1519842227675955e+01 	 -2.4445267919897351e+01 	 7.8529379990922550e+01 	 0.0000000000000000e+00
	 -2.0470869714339472e+02 	 1.1519842227675955e+01 	 0.0000000000000000e+00 	 0.0000000000000000e+00 	 0.0000000000000000e+00 	 7.9494389812961526e+02

	 0.275862 
	 1.7963939264861393e+08 	 1.5518848298483578e+07 	 0.0000000000000000e+00 	 0.0000000000000000e+00 	 0.0000000000000000e+00 	 2.1012911360302605e+07
	 1.5518848298658604e+07 	 5.0469269436722791e+08 	 0.0000000000000000e+00 	 0.0000000000000000e+00 	 0.0000000000000000e+00 	 3.1179225747505821e+07
	 0.0000000000000000e+00 	 0.0000000000000000e+00 	 1.2322851437742437e+10 	 3.3148029877759266e+09 	 -2.8579103164859200e+08 	 0.0000000000000000e+00
	 0.0000000000000000e+00 	 0.0000000000000000e+00 	 3.3148029877760782e+09 	 1.1083738872681795e+10 	 -4.5226162847639310e+08 	 0.0000000000000000e+00
	 0.0000000000000000e+00 	 0.0000000000000000e+00 	 -2.8579103164865011e+08 	 -4.5226162847635549e+08 	 3.4677452282305727e+09 	 0.0000000000000000e+00
	 2.1012911360319942e+07 	 3.1179225747595325e+07 	 0.0000000000000000e+00 	 0.0000000000000000e+00 	 0.0000000000000000e+00 	 3.2485961790591788e+08

	 3.6137721646478695e+02 	 0.0000000000000000e+00 	 0.0000000000000000e+00 	 0.0000000000000000e+00 	 0.0000000000000000e+00 	 -2.1296134287625492e+02
	 0.0000000000000000e+00 	 3.6137721646478695e+02 	 0.0000000000000000e+00 	 0.0000000000000000e+00 	 0.0000000000000000e+00 	 1.3779184958011133e+01
	 0.0000000000000000e+00 	 0.0000000000000000e+00 	 3.6137721646478695e+02 	 2.1296134287625492e+02 	 -1.3779184958011133e+01 	 0.0000000000000000e+00
	 0.0000000000000000e+00 	 0.0000000000000000e+00 	 2.1296134287625492e+02 	 6.9352932992865294e+02 	 -2.2561934387523582e+01 	 0.0000000000000000e+00
	 0.0000000000000000e+00 	 0.0000000000000000e+00 	 -1.3779184958011133e+01 	 -2.2561934387523582e+01 	 6.4389778408628175e+01 	 0.0000000000000000e+00
	 -2.1296134287625492e+02 	 1.3779184958011133e+01 	 0.0000000000000000e+00 	 0.0000000000000000e+00 	 0.0000000000000000e+00 	 7.5791910833728275e+02

	 0.310345 
	 1.6399478552495894e+08 	 1.1361307417022718e+07 	 0.0000000000000000e+00 	 0.0000000000000000e+00 	 0.0000000000000000e+00 	 1.7243952135677993e+07
	 1.1361307417036682e+07 	 4.7188960196836990e+08 	 0.0000000000000000e+00 	 0.0000000000000000e+00 	 0.0000000000000000e+00 	 3.3281464780906100e+07
	 0.0000000000000000e+00 	 0.0000000000000000e+00 	 1.2765966414971352e+10 	 3.6131801438923974e+09 	 -4.0376563943353069e+08 	 0.0000000000000000e+00
	 0.0000000000000000e+00 	 0.0000000000000000e+00 	 3.6131801438925910e+09 	 1.1656647364429518e+10 	 -3.9626617662592399e+08 	 0.0000000000000000e+00
	 0.0000000000000000e+00 	 0.0000000000000000e+00 	 -4.0376563943374753e+08 	 -3.9626617662618119e+08 	 3.1790441652720518e+09 	 0.0000000000000000e+00
	 1.7243952135672335e+07 	 3.3281464780979771e+07 	 0.0000000000000000e+00 	 0.0000000000000000e+00 	 0.0000000000000000e+00 	 2.6391974989054564e+08

	 3.5591120120005945e+02 	 0.0000000000000000e+00 	 0.0000000000000000e+00 	 0.0000000000000000e+00 	 0.0000000000000000e+00 	 -2.3388460057329624e+02
	 0.0000000000000000e+00 	 3.5591120120005945e+02 	 0.0000000000000000e+00 	 0.0000000000000000e+00 	 0.0000000000000000e+00 	 1.5963021539078907e+01
	 0.0000000000000000e+00 	 0.0000000000000000e+00 	 3.5591120120005945e+02 	 2.3388460057329624e+02 	 -1.5963021539078907e+01 	 0.0000000000000000e+00
	 0.0000000000000000e+00 	 0.0000000000000000e+00 	 2.3388460057329624e+02 	 7.2604186495922386e+02 	 -2.2696587338895768e+01 	 0.0000000000000000e+00
	 0.0000000000000000e+00 	 0.0000000000000000e+00 	 -1.5963021539078907e+01 	 -2.2696587338895768e+01 	 5.6210265125202369e+01 	 0.0000000000000000e+00
	 -2.3388460057329624e+02 	 1.5963021539078907e+01 	 0.0000000000000000e+00 	 0.0000000000000000e+00 	 0.0000000000000000e+00 	 7.8225213008442699e+02

	 0.344828 
	 1.5835021289336392e+08 	 9.9085836273784544e+06 	 0.0000000000000000e+00 	 0.0000000000000000e+00 	 0.0000000000000000e+00 	 1.6908345417708874e+07
	 9.9085836272816807e+06 	 4.4858605792493200e+08 	 0.0000000000000000e+00 	 0.0000000000000000e+00 	 0.0000000000000000e+00 	 3.1839899834451210e+07
	 0.0000000000000000e+00 	 0.0000000000000000e+00 	 1.3139154713956841e+10 	 3.7230375807955689e+09 	 -4.3831501243035895e+08 	 0.0000000000000000e+00
	 0.0000000000000000e+00 	 0.0000000000000000e+00 	 3.7230375807955604e+09 	 1.1869122626340162e+10 	 -3.8186416448847121e+08 	 0.0000000000000000e+00
	 0.0000000000000000e+00 	 0.0000000000000000e+00 	 -4.3831501243043220e+08 	 -3.8186416448867977e+08 	 3.1128826847154255e+09 	 0.0000000000000000e+00
	 1.6908345417714145e+07 	 3.1839899834411353e+07 	 0.0000000000000000e+00 	 0.0000000000000000e+00 	 0.0000000000000000e+00 	 2.3699181484392273e+08

	 3.5083441483793416e+02 	 0.0000000000000000e+00 	 0.0000000000000000e+00 	 0.0000000000000000e+00 	 0.0000000000000000e+00 	 -2.4409785173630644e+02
	 0.0000000000000000e+00 	 3.5083441483793416e+02 	 0.0000000000000000e+00 	 0.0000000000000000e+00 	 0.0000000000000000e+00 	 1.6118140780105175e+01
	 0.0000000000000000e+00 	 0.0000000000000000e+00 	 3.5083441483793416e+02 	 2.4409785173630644e+02 	 -1.6118140780105175e+01 	 0.0000000000000000e+00
	 0.0000000000000000e+00 	 0.0000000000000000e+00 	 2.4409785173630644e+02 	 7.3021977625416241e+02 	 -2.2269870700379684e+01 	 0.0000000000000000e+00
	 0.0000000000000000e+00 	 0.0000000000000000e+00 	 -1.6118140780105175e+01 	 -2.2269870700379684e+01 	 5.3133666794463934e+01 	 0.0000000000000000e+00
	 -2.4409785173630644e+02 	 1.6118140780105175e+01 	 0.0000000000000000e+00 	 0.0000000000000000e+00 	 0.0000000000000000e+00 	 7.8335344304862735e+02

	 0.379310 
	 1.4988674987759495e+08 	 8.8909378323543929e+06 	 0.0000000000000000e+00 	 0.0000000000000000e+00 	 0.0000000000000000e+00 	 1.6335498447630165e+07
	 8.8909378323206510e+06 	 4.2250059837751126e+08 	 0.0000000000000000e+00 	 0.0000000000000000e+00 	 0.0000000000000000e+00 	 2.9117382850689042e+07
	 0.0000000000000000e+00 	 0.0000000000000000e+00 	 1.3305223911448433e+10 	 3.5562487077931957e+09 	 -4.6342409021045429e+08 	 0.0000000000000000e+00
	 0.0000000000000000e+00 	 0.0000000000000000e+00 	 3.5562487077930508e+09 	 1.1094840512019262e+10 	 -3.5319805080756646e+08 	 0.0000000000000000e+00
	 0.0000000000000000e+00 	 0.0000000000000000e+00 	 -4.6342409021050906e+08 	 -3.5319805080768913e+08 	 2.9041302469849167e+09 	 0.0000000000000000e+00
	 1.6335498447606027e+07 	 2.9117382850694619e+07 	 0.0000000000000000e+00 	 0.0000000000000000e+00 	 0.0000000000000000e+00 	 2.0503264902264389e+08

	 3.3808057262553564e+02 	 0.0000000000000000e+00 	 0.0000000000000000e+00 	 0.0000000000000000e+00 	 0.0000000000000000e+00 	 -2.3616397258986535e+02
	 0.0000000000000000e+00 	 3.3808057262553564e+02 	 0.0000000000000000e+00 	 0.0000000000000000e+00 	 0.0000000000000000e+00 	 1.5710584666459157e+01
	 0.0000000000000000e+00 	 0.0000000000000000e+00 	 3.3808057262553564e+02 	 2.3616397258986535e+02 	 -1.5710584666459157e+01 	 0.0000000000000000e+00
	 0.0000000000000000e+00 	 0.0000000000000000e+00 	 2.3616397258986535e+02 	 6.7679341914534939e+02 	 -2.0624296307553251e+01 	 0.0000000000000000e+00
	 0.0000000000000000e+00 	 0.0000000000000000e+00 	 -1.5710584666459157e+01 	 -2.0624296307553251e+01 	 4.7885205078385930e+01 	 0.0000000000000000e+00
	 -2.3616397258986535e+02 	 1.5710584666459157e+01 	 0.0000000000000000e+00 	 0.0000000000000000e+00 	 0.0000000000000000e+00 	 7.2467862422373389e+02

	 0.413793 
	 8.9453939107071996e+07 	 5.4338433437929749e+06 	 0.0000000000000000e+00 	 0.0000000000000000e+00 	 0.0000000000000000e+00 	 1.3928521015647091e+07
	 5.4338433438359117e+06 	 3.9429071833138210e+08 	 0.0000000000000000e+00 	 0.0000000000000000e+00 	 0.0000000000000000e+00 	 2.6563227158413950e+07
	 0.0000000000000000e+00 	 0.0000000000000000e+00 	 1.3282979409196188e+10 	 3.2869539990846963e+09 	 -4.7461077228783602e+08 	 0.0000000000000000e+00
	 0.0000000000000000e+00 	 0.0000000000000000e+00 	 3.2869539990846496e+09 	 9.9353101256189747e+09 	 -3.1292769031480843e+08 	 0.0000000000000000e+00
	 0.0000000000000000e+00 	 0.0000000000000000e+00 	 -4.7461077228781801e+08 	 -3.1292769031474447e+08 	 2.6198709698775010e+09 	 0.0000000000000000e+00
	 1.3928521015672900e+07 	 2.6563227158325385e+07 	 0.0000000000000000e+00 	 0.0000000000000000e+00 	 0.0000000000000000e+00 	 1.6306151984823027e+08

	 3.1435462459146174e+02 	 0.0000000000000000e+00 	 0.0000000000000000e+00 	 0.0000000000000000e+00 	 0.0000000000000000e+00 	 -2.1760826497280533e+02
	 0.0000000000000000e+00 	 3.1435462459146174e+02 	 0.0000000000000000e+00 	 0.0000000000000000e+00 	 0.0000000000000000e+00 	 1.4575422389271770e+01
	 0.0000000000000000e+00 	 0.0000000000000000e+00 	 3.1435462459146174e+02 	 2.1760826497280533e+02 	 -1.4575422389271770e+01 	 0.0000000000000000e+00
	 0.0000000000000000e+00 	 0.0000000000000000e+00 	 2.1760826497280533e+02 	 5.9535529815260645e+02 	 -1.8035766918901118e+01 	 0.0000000000000000e+00
	 0.0000000000000000e+00 	 0.0000000000000000e+00 	 -1.4575422389271770e+01 	 -1.8035766918901118e+01 	 4.1160229827876869e+01 	 0.0000000000000000e+00
	 -2.1760826497280533e+02 	 1.4575422389271770e+01 	 0.0000000000000000e+00 	 0.0000000000000000e+00 	 0.0000000000000000e+00 	 6.3651552798048408e+02

	 0.448276 
	 8.0611713189688534e+07 	 4.6404398989545945e+06 	 0.0000000000000000e+00 	 0.0000000000000000e+00 	 0.0000000000000000e+00 	 1.2467199674664900e+07
	 4.6404398990140380e+06 	 3.6466724195339793e+08 	 0.0000000000000000e+00 	 0.0000000000000000e+00 	 0.0000000000000000e+00 	 2.3164451357884131e+07
	 0.0000000000000000e+00 	 0.0000000000000000e+00 	 1.3146452254402475e+10 	 2.8526841014087262e+09 	 -4.6714277254678595e+08 	 0.0000000000000000e+00
	 0.0000000000000000e+00 	 0.0000000000000000e+00 	 2.8526841014085455e+09 	 8.1966821102069941e+09 	 -2.5637935337610453e+08 	 0.0000000000000000e+00
	 0.0000000000000000e+00 	 0.0000000000000000e+00 	 -4.6714277254669362e+08 	 -2.5637935337600136e+08 	 2.2218521371917782e+09 	 0.0000000000000000e+00
	 1.2467199674678493e+07 	 2.3164451357904952e+07 	 0.0000000000000000e+00 	 0.0000000000000000e+00 	 0.0000000000000000e+00 	 1.2838345754354875e+08

	 2.9314092887916775e+02 	 0.0000000000000000e+00 	 0.0000000000000000e+00 	 0.0000000000000000e+00 	 0.0000000000000000e+00 	 -1.8598338602565457e+02
	 0.0000000000000000e+00 	 2.9314092887916775e+02 	 0.0000000000000000e+00 	 0.0000000000000000e+00 	 0.0000000000000000e+00 	 1.3049548918161817e+01
	 0.0000000000000000e+00 	 0.0000000000000000e+00 	 2.9314092887916775e+02 	 1.8598338602565457e+02 	 -1.3049548918161817e+01 	 0.0000000000000000e+00
	 0.0000000000000000e+00 	 0.0000000000000000e+00 	 1.8598338602565457e+02 	 4.7669399475229540e+02 	 -1.4417003491584676e+01 	 0.0000000000000000e+00
	 0.0000000000000000e+00 	 0.0000000000000000e+00 	 -1.3049548918161817e+01 	 -1.4417003491584676e+01 	 3.3511749631323362e+01 	 0.0000000000000000e+00
	 -1.8598338602565457e+02 	 1.3049548918161817e+01 	 0.0000000000000000e+00 	 0.0000000000000000e+00 	 0.0000000000000000e+00 	 5.1020574438362070e+02

	 0.482759 
	 7.2812304262032688e+07 	 3.8978249595022122e+06 	 0.0000000000000000e+00 	 0.0000000000000000e+00 	 0.0000000000000000e+00 	 1.1203122592311097e+07
	 3.8978249595512450e+06 	 3.3907197579837364e+08 	 0.0000000000000000e+00 	 0.0000000000000000e+00 	 0.0000000000000000e+00 	 2.0491584103296906e+07
	 0.0000000000000000e+00 	 0.0000000000000000e+00 	 1.2898472272867426e+10 	 2.4427908505006337e+09 	 -4.5615266850695205e+08 	 0.0000000000000000e+00
	 0.0000000000000000e+00 	 0.0000000000000000e+00 	 2.4427908505006480e+09 	 6.7087561867487612e+09 	 -2.0555380104539239e+08 	 0.0000000000000000e+00
	 0.0000000000000000e+00 	 0.0000000000000000e+00 	 -4.5615266850706428e+08 	 -2.0555380104540661e+08 	 1.8885824955247338e+09 	 0.0000000000000000e+00
	 1.1203122592349691e+07 	 2.0491584103278451e+07 	 0.0000000000000000e+00 	 0.0000000000000000e+00 	 0.0000000000000000e+00 	 1.0230537568575585e+08

	 2.7304687344344882e+02 	 0.0000000000000000e+00 	 0.0000000000000000e+00 	 0.0000000000000000e+00 	 0.0000000000000000e+00 	 -1.5630461540406867e+02
	 0.0000000000000000e+00 	 2.7304687344344882e+02 	 0.0000000000000000e+00 	 0.0000000000000000e+00 	 0.0000000000000000e+00 	 1.1687019870873975e+01
	 0.0000000000000000e+00 	 0.0000000000000000e+00 	 2.7304687344344882e+02 	 1.5630461540406867e+02 	 -1.1687019870873975e+01 	 0.0000000000000000e+00
	 0.0000000000000000e+00 	 0.0000000000000000e+00 	 1.5630461540406867e+02 	 3.7811007423662369e+02 	 -1.1415326195737164e+01 	 0.0000000000000000e+00
	 0.0000000000000000e+00 	 0.0000000000000000e+00 	 -1.1687019870873975e+01 	 -1.1415326195737164e+01 	 2.7501041556256265e+01 	 0.0000000000000000e+00
	 -1.5630461540406867e+02 	 1.1687019870873975e+01 	 0.0000000000000000e+00 	 0.0000000000000000e+00 	 0.0000000000000000e+00 	 4.0561111579287814e+02

	 0.517241 
	 6.5538672708260968e+07 	 3.2930258377666166e+06 	 0.0000000000000000e+00 	 0.0000000000000000e+00 	 0.0000000000000000e+00 	 9.9847640972642452e+06
	 3.2930258377222535e+06 	 3.1668178292650270e+08 	 0.0000000000000000e+00 	 0.0000000000000000e+00 	 0.0000000000000000e+00 	 1.8141619290141802e+07
	 0.0000000000000000e+00 	 0.0000000000000000e+00 	 1.2531412800060230e+10 	 2.0388411515545487e+09 	 -4.3917270598363435e+08 	 0.0000000000000000e+00
	 0.0000000000000000e+00 	 0.0000000000000000e+00 	 2.0388411515545516e+09 	 5.3650940499449558e+09 	 -1.6078524127173594e+08 	 0.0000000000000000e+00
	 0.0000000000000000e+00 	 0.0000000000000000e+00 	 -4.3917270598357517e+08 	 -1.6078524127167383e+08 	 1.5840135471864579e+09 	 0.0000000000000000e+00
	 9.9847640972692706e+06 	 1.8141619290142175e+07 	 0.0000000000000000e+00 	 0.0000000000000000e+00 	 0.0000000000000000e+00 	 8.1104234211712092e+07

	 2.5285490440791372e+02 	 0.0000000000000000e+00 	 0.0000000000000000e+00 	 0.0000000000000000e+00 	 0.0000000000000000e+00 	 -1.2745786750986856e+02
	 0.0000000000000000e+00 	 2.5285490440791372e+02 	 0.0000000000000000e+00 	 0.0000000000000000e+00 	 0.0000000000000000e+00 	 1.0368712176455091e+01
	 0.0000000000000000e+00 	 0.0000000000000000e+00 	 2.5285490440791372e+02 	 1.2745786750986856e+02 	 -1.0368712176455091e+01 	 0.0000000000000000e+00
	 0.0000000000000000e+00 	 0.0000000000000000e+00 	 1.2745786750986856e+02 	 2.9161964206140840e+02 	 -8.8057360451264337e+00 	 0.0000000000000000e+00
	 0.0000000000000000e+00 	 0.0000000000000000e+00 	 -1.0368712176455091e+01 	 -8.8057360451264337e+00 	 2.2340671329836116e+01 	 0.0000000000000000e+00
	 -1.2745786750986856e+02 	 1.0368712176455091e+01 	 0.0000000000000000e+00 	 0.0000000000000000e+00 	 0.0000000000000000e+00 	 3.1396031339124477e+02

	 0.551724 
	 5.8743502288037263e+07 	 2.7831679061864577e+06 	 0.0000000000000000e+00 	 0.0000000000000000e+00 	 0.0000000000000000e+00 	 8.7533766845918577e+06
	 2.7831679062391906e+06 	 2.9776476586889791e+08 	 0.0000000000000000e+00 	 0.0000000000000000e+00 	 0.0000000000000000e+00 	 1.6158025502260521e+07
	 0.0000000000000000e+00 	 0.0000000000000000e+00 	 1.2057250495708424e+10 	 1.6723906032969408e+09 	 -4.1790079614833552e+08 	 0.0000000000000000e+00
	 0.0000000000000000e+00 	 0.0000000000000000e+00 	 1.6723906032969570e+09 	 4.2362704307086282e+09 	 -1.2266171440645488e+08 	 0.0000000000000000e+00
	 0.0000000000000000e+00 	 0.0000000000000000e+00 	 -4.1790079614834183e+08 	 -1.2266171440644616e+08 	 1.3057331341445453e+09 	 0.0000000000000000e+00
	 8.7533766845876500e+06 	 1.6158025502242377e+07 	 0.0000000000000000e+00 	 0.0000000000000000e+00 	 0.0000000000000000e+00 	 6.3859219155340254e+07

	 2.3269403514695944e+02 	 0.0000000000000000e+00 	 0.0000000000000000e+00 	 0.0000000000000000e+00 	 0.0000000000000000e+00 	 -1.0154906396905868e+02
	 0.0000000000000000e+00 	 2.3269403514695944e+02 	 0.0000000000000000e+00 	 0.0000000000000000e+00 	 0.0000000000000000e+00 	 9.1269444081686721e+00
	 0.0000000000000000e+00 	 0.0000000000000000e+00 	 2.3269403514695944e+02 	 1.0154906396905868e+02 	 -9.1269444081686721e+00 	 0.0000000000000000e+00
	 0.0000000000000000e+00 	 0.0000000000000000e+00 	 1.0154906396905868e+02 	 2.2034371176469884e+02 	 -6.6246696105293204e+00 	 0.0000000000000000e+00
	 0.0000000000000000e+00 	 0.0000000000000000e+00 	 -9.1269444081686721e+00 	 -6.6246696105293204e+00 	 1.7899575389292387e+01 	 0.0000000000000000e+00
	 -1.0154906396905868e+02 	 9.1269444081686721e+00 	 0.0000000000000000e+00 	 0.0000000000000000e+00 	 0.0000000000000000e+00 	 2.3824328715399102e+02

	 0.586207 
	 5.2409307908193074e+07 	 2.4309657851755992e+06 	 0.0000000000000000e+00 	 0.0000000000000000e+00 	 0.0000000000000000e+00 	 7.5213437168032834e+06
	 2.4309657852019751e+06 	 2.8254798085481840e+08 	 0.0000000000000000e+00 	 0.0000000000000000e+00 	 0.0000000000000000e+00 	 1.4432846986827284e+07
	 0.0000000000000000e+00 	 0.0000000000000000e+00 	 1.1487044552595083e+10 	 1.3539477573713944e+09 	 -3.9293620235298181e+08 	 0.0000000000000000e+00
	 0.0000000000000000e+00 	 0.0000000000000000e+00 	 1.3539477573714020e+09 	 3.3074648293633752e+09 	 -9.2551452301822573e+07 	 0.0000000000000000e+00
	 0.0000000000000000e+00 	 0.0000000000000000e+00 	 -3.9293620235298556e+08 	 -9.2551452301826596e+07 	 1.0544966096349034e+09 	 0.0000000000000000e+00
	 7.5213437168011330e+06 	 1.4432846986828262e+07 	 0.0000000000000000e+00 	 0.0000000000000000e+00 	 0.0000000000000000e+00 	 4.9807424368993074e+07

	 2.1253744193650809e+02 	 0.0000000000000000e+00 	 0.0000000000000000e+00 	 0.0000000000000000e+00 	 0.0000000000000000e+00 	 -7.9425470487310349e+01
	 0.0000000000000000e+00 	 2.1253744193650809e+02 	 0.0000000000000000e+00 	 0.0000000000000000e+00 	 0.0000000000000000e+00 	 7.9735376604471311e+00
	 0.0000000000000000e+00 	 0.0000000000000000e+00 	 2.1253744193650809e+02 	 7.9425470487310349e+01 	 -7.9735376604471311e+00 	 0.0000000000000000e+00
	 0.0000000000000000e+00 	 0.0000000000000000e+00 	 7.9425470487310349e+01 	 1.6362037359592074e+02 	 -4.8822183034252387e+00 	 0.0000000000000000e+00
	 0.0000000000000000e+00 	 0.0000000000000000e+00 	 -7.9735376604471311e+00 	 -4.8822183034252387e+00 	 1.4098100619761849e+01 	 0.0000000000000000e+00
	 -7.9425470487310349e+01 	 7.9735376604471311e+00 	 0.0000000000000000e+00 	 0.0000000000000000e+00 	 0.0000000000000000e+00 	 1.7771847421568228e+02

	 0.620690 
	 4.6625830591813110e+07 	 2.2133647515037498e+06 	 0.0000000000000000e+00 	 0.0000000000000000e+00 	 0.0000000000000000e+00 	 6.3043567968441341e+06
	 2.2133647514735595e+06 	 2.6952431318294412e+08 	 0.0000000000000000e+00 	 0.0000000000000000e+00 	 0.0000000000000000e+00 	 1.2831424379093349e+07
	 0.0000000000000000e+00 	 0.0000000000000000e+00 	 1.0810613356450817e+10 	 1.0746908335340722e+09 	 -3.6306406530469793e+08 	 0.0000000000000000e+00
	 0.0000000000000000e+00 	 0.0000000000000000e+00 	 1.0746908335340357e+09 	 2.5676854949568725e+09 	 -6.8990905733871192e+07 	 0.0000000000000000e+00
	 0.0000000000000000e+00 	 0.0000000000000000e+00 	 -3.6306406530464584e+08 	 -6.8990905733834907e+07 	 8.3043016327717268e+08 	 0.0000000000000000e+00
	 6.3043567968394468e+06 	 1.2831424379093746e+07 	 0.0000000000000000e+00 	 0.0000000000000000e+00 	 0.0000000000000000e+00 	 3.8424325309883893e+07

	 1.9230941906065144e+02 	 0.0000000000000000e+00 	 0.0000000000000000e+00 	 0.0000000000000000e+00 	 0.0000000000000000e+00 	 -6.1238771410188406e+01
	 0.0000000000000000e+00 	 1.9230941906065144e+02 	 0.0000000000000000e+00 	 0.0000000000000000e+00 	 0.0000000000000000e+00 	 6.9042592505512630e+00
	 0.0000000000000000e+00 	 0.0000000000000000e+00 	 1.9230941906065144e+02 	 6.1238771410188406e+01 	 -6.9042592505512630e+00 	 0.0000000000000000e+00
	 0.0000000000000000e+00 	 0.0000000000000000e+00 	 6.1238771410188406e+01 	 1.1972520551744658e+02 	 -3.5389201049451846e+00 	 0.0000000000000000e+00
	 0.0000000000000000e+00 	 0.0000000000000000e+00 	 -6.9042592505512630e+00 	 -3.5389201049451846e+00 	 1.0870192172584122e+01 	 0.0000000000000000e+00
	 -6.1238771410188406e+01 	 6.9042592505512630e+00 	 0.0000000000000000e+00 	 0.0000000000000000e+00 	 0.0000000000000000e+00 	 1.3059539769003061e+02

	 0.655172 
	 4.1399144667547785e+07 	 2.0779501263051636e+06 	 0.0000000000000000e+00 	 0.0000000000000000e+00 	 0.0000000000000000e+00 	 5.1998000111354589e+06
	 2.0779501263134801e+06 	 2.5648343173497087e+08 	 0.0000000000000000e+00 	 0.0000000000000000e+00 	 0.0000000000000000e+00 	 1.1242184375091348e+07
	 0.0000000000000000e+00 	 0.0000000000000000e+00 	 1.0043969649948040e+10 	 8.5697163617140329e+08 	 -3.2732597930146259e+08 	 0.0000000000000000e+00
	 0.0000000000000000e+00 	 0.0000000000000000e+00 	 8.5697163617142200e+08 	 2.0117785431985600e+09 	 -5.1276955984126762e+07 	 0.0000000000000000e+00
	 0.0000000000000000e+00 	 0.0000000000000000e+00 	 -3.2732597930146474e+08 	 -5.1276955984120890e+07 	 6.3647693597110546e+08 	 0.0000000000000000e+00
	 5.1998000111378832e+06 	 1.1242184375089886e+07 	 0.0000000000000000e+00 	 0.0000000000000000e+00 	 0.0000000000000000e+00 	 2.9251063992510807e+07

	 1.7207103027551364e+02 	 0.0000000000000000e+00 	 0.0000000000000000e+00 	 0.0000000000000000e+00 	 0.0000000000000000e+00 	 -4.7972335835120596e+01
	 0.0000000000000000e+00 	 1.7207103027551364e+02 	 0.0000000000000000e+00 	 0.0000000000000000e+00 	 0.0000000000000000e+00 	 5.9019228949595925e+00
	 0.0000000000000000e+00 	 0.0000000000000000e+00 	 1.7207103027551364e+02 	 4.7972335835120596e+01 	 -5.9019228949595925e+00 	 0.0000000000000000e+00
	 0.0000000000000000e+00 	 0.0000000000000000e+00 	 4.7972335835120596e+01 	 8.7829038265307673e+01 	 -2.5603224679022651e+00 	 0.0000000000000000e+00
	 0.0000000000000000e+00 	 0.0000000000000000e+00 	 -5.9019228949595925e+00 	 -2.5603224679022651e+00 	 8.1805749446405773e+00 	 0.0000000000000000e+00
	 -4.7972335835120596e+01 	 5.9019228949595925e+00 	 0.0000000000000000e+00 	 0.0000000000000000e+00 	 0.0000000000000000e+00 	 9.6009613209947943e+01

	 0.689655 
	 3.6552614355469055e+07 	 2.0174594940703255e+06 	 0.0000000000000000e+00 	 0.0000000000000000e+00 	 0.0000000000000000e+00 	 4.2612781909776982e+06
	 2.0174594940967069e+06 	 2.4294240298931810e+08 	 0.0000000000000000e+00 	 0.0000000000000000e+00 	 0.0000000000000000e+00 	 9.7162106968815885e+06
	 0.0000000000000000e+00 	 0.0000000000000000e+00 	 9.1947484038430958e+09 	 6.7470573771913242e+08 	 -2.8725659091226411e+08 	 0.0000000000000000e+00
	 0.0000000000000000e+00 	 0.0000000000000000e+00 	 6.7470573771912563e+08 	 1.5722657973270752e+09 	 -3.7444054463467412e+07 	 0.0000000000000000e+00
	 0.0000000000000000e+00 	 0.0000000000000000e+00 	 -2.8725659091225970e+08 	 -3.7444054463462614e+07 	 4.7237291333692950e+08 	 0.0000000000000000e+00
	 4.2612781909759585e+06 	 9.7162106968862936e+06 	 0.0000000000000000e+00 	 0.0000000000000000e+00 	 0.0000000000000000e+00 	 2.1952435490155336e+07

	 1.5193464800531632e+02 	 0.0000000000000000e+00 	 0.0000000000000000e+00 	 0.0000000000000000e+00 	 0.0000000000000000e+00 	 -3.7474864457249929e+01
	 0.0000000000000000e+00 	 1.5193464800531632e+02 	 0.0000000000000000e+00 	 0.0000000000000000e+00 	 0.0000000000000000e+00 	 4.9500136695396426e+00
	 0.0000000000000000e+00 	 0.0000000000000000e+00 	 1.5193464800531632e+02 	 3.7474864457249929e+01 	 -4.9500136695396426e+00 	 0.0000000000000000e+00
	 0.0000000000000000e+00 	 0.0000000000000000e+00 	 3.7474864457249929e+01 	 6.3668302068885730e+01 	 -1.8227612589452269e+00 	 0.0000000000000000e+00
	 0.0000000000000000e+00 	 0.0000000000000000e+00 	 -4.9500136695396426e+00 	 -1.8227612589452269e+00 	 5.9784075718126655e+00 	 0.0000000000000000e+00
	 -3.7474864457249929e+01 	 4.9500136695396426e+00 	 0.0000000000000000e+00 	 0.0000000000000000e+00 	 0.0000000000000000e+00 	 6.9646709640698504e+01

	 0.724138 
	 3.1979092657410588e+07 	 2.0491160036134219e+06 	 0.0000000000000000e+00 	 0.0000000000000000e+00 	 0.0000000000000000e+00 	 3.4737869072922850e+06
	 2.0491160036245410e+06 	 2.2788931375579464e+08 	 0.0000000000000000e+00 	 0.0000000000000000e+00 	 0.0000000000000000e+00 	 8.2348004608414890e+06
	 0.0000000000000000e+00 	 0.0000000000000000e+00 	 8.2681521794815912e+09 	 5.1365558324183005e+08 	 -2.4415695232869241e+08 	 0.0000000000000000e+00
	 0.0000000000000000e+00 	 0.0000000000000000e+00 	 5.1365558324186343e+08 	 1.2131737588301845e+09 	 -2.6589519454119336e+07 	 0.0000000000000000e+00
	 0.0000000000000000e+00 	 0.0000000000000000e+00 	 -2.4415695232868898e+08 	 -2.6589519454117402e+07 	 3.3659673587575930e+08 	 0.0000000000000000e+00
	 3.4737869072970860e+06 	 8.2348004608393852e+06 	 0.0000000000000000e+00 	 0.0000000000000000e+00 	 0.0000000000000000e+00 	 1.6203300205929441e+07

