 ------- BEAMDYN V1.00.* INDIVIDUAL BLADE INPUT FILE --------------------------
 Test Format 1
 ---------------------- BLADE PARAMETERS --------------------------------------
30   station_total    - Number of blade input stations (-)
 1   damp_type        - Damping type: 0: no damping; 1: damped
  ---------------------- DAMPING COEFFICIENT------------------------------------
   mu1        mu2        mu3        mu4        mu5        mu6
   (-)        (-)        (-)        (-)        (-)        (-)
1.0E-02    1.0E-02    1.0E-02    1.0E-02    1.0E-02    1.0E-02
 ---------------------- DISTRIBUTED PROPERTIES---------------------------------
	 0.000000 
	 4.7038617838202868e+09 	 -1.6549246227061021e-01 	 0.0000000000000000e+00 	 0.0000000000000000e+00 	 0.0000000000000000e+00 	 8.2312327425023398e+02
	 -1.6562708139969265e-01 	 4.7038606061344624e+09 	 0.0000000000000000e+00 	 0.0000000000000000e+00 	 0.0000000000000000e+00 	 -1.4818991789510159e+00
	 0.0000000000000000e+00 	 0.0000000000000000e+00 	 3.2143162914148064e+10 	 -5.7146193552256400e+03 	 3.1523478799623410e+00 	 0.0000000000000000e+00
	 0.0000000000000000e+00 	 0.0000000000000000e+00 	 -5.7146186706145409e+03 	 7.8381176835829834e+10 	 8.6716183045324549e+00 	 0.0000000000000000e+00
	 0.0000000000000000e+00 	 0.0000000000000000e+00 	 3.1532587852503959e+00 	 8.6711300824982960e+00 	 7.8381195918036743e+10 	 0.0000000000000000e+00
	 8.2312327425872616e+02 	 -1.4819013670015837e+00 	 0.0000000000000000e+00 	 0.0000000000000000e+00 	 0.0000000000000000e+00 	 4.5851360064601929e+10

	 2.2243213169713385e+03 	 0.0000000000000000e+00 	 0.0000000000000000e+00 	 0.0000000000000000e+00 	 0.0000000000000000e+00 	 3.9522661751788257e-04
	 0.0000000000000000e+00 	 2.2243213169713385e+03 	 0.0000000000000000e+00 	 0.0000000000000000e+00 	 0.0000000000000000e+00 	 -2.5819147973587218e-07
	 0.0000000000000000e+00 	 0.0000000000000000e+00 	 2.2243213169713385e+03 	 -3.9522661751788257e-04 	 2.5819147973587218e-07 	 0.0000000000000000e+00
	 0.0000000000000000e+00 	 0.0000000000000000e+00 	 -3.9522661751788257e-04 	 5.4252729273182340e+03 	 5.8079775288254979e-07 	 0.0000000000000000e+00
	 0.0000000000000000e+00 	 0.0000000000000000e+00 	 2.5819147973587218e-07 	 5.8079775288254979e-07 	 5.4252742504031203e+03 	 0.0000000000000000e+00
	 3.9522661751788257e-04 	 -2.5819147973587218e-07 	 0.0000000000000000e+00 	 0.0000000000000000e+00 	 0.0000000000000000e+00 	 1.0850547177721352e+04

	 0.034483 
	 3.3229758944692707e+09 	 -2.3708201188359540e+07 	 0.0000000000000000e+00 	 0.0000000000000000e+00 	 0.0000000000000000e+00 	 2.1907949891109732e+08
	 -2.3708201188552160e+07 	 3.8942663656333232e+09 	 0.0000000000000000e+00 	 0.0000000000000000e+00 	 0.0000000000000000e+00 	 2.5669308260569025e+07
	 0.0000000000000000e+00 	 0.0000000000000000e+00 	 2.7603748877217854e+10 	 -3.3259959016445932e+09 	 -1.1577788329197057e+07 	 0.0000000000000000e+00
	 0.0000000000000000e+00 	 0.0000000000000000e+00 	 -3.3259959016451569e+09 	 6.0923563883351082e+10 	 -3.2323895416836662e+09 	 0.0000000000000000e+00
	 0.0000000000000000e+00 	 0.0000000000000000e+00 	 -1.1577788329174329e+07 	 -3.2323895416839747e+09 	 5.9730755883625916e+10 	 0.0000000000000000e+00
	 2.1907949891106874e+08 	 2.5669308260577310e+07 	 0.0000000000000000e+00 	 0.0000000000000000e+00 	 0.0000000000000000e+00 	 3.1612654215560139e+10

	 1.7344396625562338e+03 	 0.0000000000000000e+00 	 0.0000000000000000e+00 	 0.0000000000000000e+00 	 0.0000000000000000e+00 	 8.9048052222112645e+01
	 0.0000000000000000e+00 	 1.7344396625562338e+03 	 0.0000000000000000e+00 	 0.0000000000000000e+00 	 0.0000000000000000e+00 	 7.3668407379252709e+00
	 0.0000000000000000e+00 	 0.0000000000000000e+00 	 1.7344396625562338e+03 	 -8.9048052222112645e+01 	 -7.3668407379252709e+00 	 0.0000000000000000e+00
	 0.0000000000000000e+00 	 0.0000000000000000e+00 	 -8.9048052222112645e+01 	 4.0397565849147318e+03 	 -3.4754235268625003e+01 	 0.0000000000000000e+00
	 0.0000000000000000e+00 	 0.0000000000000000e+00 	 -7.3668407379252709e+00 	 -3.4754235268625003e+01 	 3.5671855340796110e+03 	 0.0000000000000000e+00
	 8.9048052222112645e+01 	 7.3668407379252709e+00 	 0.0000000000000000e+00 	 0.0000000000000000e+00 	 0.0000000000000000e+00 	 7.6069421189943341e+03

	 0.068966 
	 1.7324356289368703e+09 	 -7.9141274081038414e+06 	 0.0000000000000000e+00 	 0.0000000000000000e+00 	 0.0000000000000000e+00 	 5.4083366830699372e+08
	 -7.9141274077656409e+06 	 3.1972820506417637e+09 	 0.0000000000000000e+00 	 0.0000000000000000e+00 	 0.0000000000000000e+00 	 5.7821838685072616e+07
	 0.0000000000000000e+00 	 0.0000000000000000e+00 	 2.1569635721976288e+10 	 -4.3896344721130152e+09 	 -5.2746522785675004e+07 	 0.0000000000000000e+00
	 0.0000000000000000e+00 	 0.0000000000000000e+00 	 -4.3896344721130142e+09 	 4.0939665911672691e+10 	 -2.6389138688158846e+09 	 0.0000000000000000e+00
	 0.0000000000000000e+00 	 0.0000000000000000e+00 	 -5.2746522785662159e+07 	 -2.6389138688157158e+09 	 2.8507357928832916e+10 	 0.0000000000000000e+00
	 5.4083366830701303e+08 	 5.7821838685018793e+07 	 0.0000000000000000e+00 	 0.0000000000000000e+00 	 0.0000000000000000e+00 	 1.4911637694623962e+10

	 1.2681506345576313e+03 	 0.0000000000000000e+00 	 0.0000000000000000e+00 	 0.0000000000000000e+00 	 0.0000000000000000e+00 	 1.4601492962063296e+02
	 0.0000000000000000e+00 	 1.2681506345576313e+03 	 0.0000000000000000e+00 	 0.0000000000000000e+00 	 0.0000000000000000e+00 	 1.9329196788416326e+01
	 0.0000000000000000e+00 	 0.0000000000000000e+00 	 1.2681506345576313e+03 	 -1.4601492962063296e+02 	 -1.9329196788416326e+01 	 0.0000000000000000e+00
	 0.0000000000000000e+00 	 0.0000000000000000e+00 	 -1.4601492962063296e+02 	 2.6678506566902279e+03 	 -4.0073371873338608e+01 	 0.0000000000000000e+00
	 0.0000000000000000e+00 	 0.0000000000000000e+00 	 -1.9329196788416326e+01 	 -4.0073371873338608e+01 	 1.5039786124408452e+03 	 0.0000000000000000e+00
	 1.4601492962063296e+02 	 1.9329196788416326e+01 	 0.0000000000000000e+00 	 0.0000000000000000e+00 	 0.0000000000000000e+00 	 4.1718292691310562e+03

	 0.103448 
	 1.0795541013328412e+09 	 1.0199829836021784e+08 	 0.0000000000000000e+00 	 0.0000000000000000e+00 	 0.0000000000000000e+00 	 8.2746080737685657e+08
	 1.0199829836039707e+08 	 2.5874923570852432e+09 	 0.0000000000000000e+00 	 0.0000000000000000e+00 	 0.0000000000000000e+00 	 1.1605840690590873e+08
	 0.0000000000000000e+00 	 0.0000000000000000e+00 	 1.7972487591855721e+10 	 -5.1204698323092241e+09 	 -3.2817657575263027e+07 	 0.0000000000000000e+00
	 0.0000000000000000e+00 	 0.0000000000000000e+00 	 -5.1204698323090801e+09 	 2.9182930034806561e+10 	 -1.8261951542299438e+09 	 0.0000000000000000e+00
	 0.0000000000000000e+00 	 0.0000000000000000e+00 	 -3.2817657575156029e+07 	 -1.8261951542300072e+09 	 1.2967742716710991e+10 	 0.0000000000000000e+00
	 8.2746080737692165e+08 	 1.1605840690596585e+08 	 0.0000000000000000e+00 	 0.0000000000000000e+00 	 0.0000000000000000e+00 	 6.2478814867946148e+09

	 1.0254744920613150e+03 	 0.0000000000000000e+00 	 0.0000000000000000e+00 	 0.0000000000000000e+00 	 0.0000000000000000e+00 	 2.0104200457118711e+02
	 0.0000000000000000e+00 	 1.0254744920613150e+03 	 0.0000000000000000e+00 	 0.0000000000000000e+00 	 0.0000000000000000e+00 	 2.1237341419433029e+01
	 0.0000000000000000e+00 	 0.0000000000000000e+00 	 1.0254744920613150e+03 	 -2.0104200457118711e+02 	 -2.1237341419433029e+01 	 0.0000000000000000e+00
	 0.0000000000000000e+00 	 0.0000000000000000e+00 	 -2.0104200457118711e+02 	 1.8788048027278337e+03 	 -4.7651279928591215e+01 	 0.0000000000000000e+00
	 0.0000000000000000e+00 	 0.0000000000000000e+00 	 -2.1237341419433029e+01 	 -4.7651279928591215e+01 	 5.9153221258538019e+02 	 0.0000000000000000e+00
	 2.0104200457118711e+02 	 2.1237341419433029e+01 	 0.0000000000000000e+00 	 0.0000000000000000e+00 	 0.0000000000000000e+00 	 2.4703370153132182e+03

	 0.137931 
	 7.1531278759588242e+08 	 8.4096230150470242e+07 	 0.0000000000000000e+00 	 0.0000000000000000e+00 	 0.0000000000000000e+00 	 6.1512928032933962e+08
	 8.4096230150275692e+07 	 1.9979546865551362e+09 	 0.0000000000000000e+00 	 0.0000000000000000e+00 	 0.0000000000000000e+00 	 1.0541976762354352e+08
	 0.0000000000000000e+00 	 0.0000000000000000e+00 	 1.5730590259308519e+10 	 -4.9884541421153002e+09 	 -7.7248615092842013e+07 	 0.0000000000000000e+00
	 0.0000000000000000e+00 	 0.0000000000000000e+00 	 -4.9884541421155386e+09 	 2.2835624624465458e+10 	 -1.4838696761712461e+09 	 0.0000000000000000e+00
	 0.0000000000000000e+00 	 0.0000000000000000e+00 	 -7.7248615092886537e+07 	 -1.4838696761712778e+09 	 8.9609076157264671e+09 	 0.0000000000000000e+00
	 6.1512928032942426e+08 	 1.0541976762362713e+08 	 0.0000000000000000e+00 	 0.0000000000000000e+00 	 0.0000000000000000e+00 	 3.6316987117531872e+09

	 8.0549610204765497e+02 	 0.0000000000000000e+00 	 0.0000000000000000e+00 	 0.0000000000000000e+00 	 0.0000000000000000e+00 	 1.5174622577142651e+02
	 0.0000000000000000e+00 	 8.0549610204765497e+02 	 0.0000000000000000e+00 	 0.0000000000000000e+00 	 0.0000000000000000e+00 	 2.0636718956249631e+01
	 0.0000000000000000e+00 	 0.0000000000000000e+00 	 8.0549610204765497e+02 	 -1.5174622577142651e+02 	 -2.0636718956249631e+01 	 0.0000000000000000e+00
	 0.0000000000000000e+00 	 0.0000000000000000e+00 	 -1.5174622577142651e+02 	 1.4149791611135145e+03 	 -3.9896678904538710e+01 	 0.0000000000000000e+00
	 0.0000000000000000e+00 	 0.0000000000000000e+00 	 -2.0636718956249631e+01 	 -3.9896678904538710e+01 	 3.4270991756492549e+02 	 0.0000000000000000e+00
	 1.5174622577142651e+02 	 2.0636718956249631e+01 	 0.0000000000000000e+00 	 0.0000000000000000e+00 	 0.0000000000000000e+00 	 1.7576890786784370e+03

	 0.172414 
	 4.7133186948703271e+08 	 6.1162747878009446e+07 	 0.0000000000000000e+00 	 0.0000000000000000e+00 	 0.0000000000000000e+00 	 4.3725660231742859e+08
	 6.1162747877995253e+07 	 1.5192552548699298e+09 	 0.0000000000000000e+00 	 0.0000000000000000e+00 	 0.0000000000000000e+00 	 9.0121033287558362e+07
	 0.0000000000000000e+00 	 0.0000000000000000e+00 	 1.4201342431998219e+10 	 -4.8823823731751022e+09 	 -1.0663924116428785e+08 	 0.0000000000000000e+00
	 0.0000000000000000e+00 	 0.0000000000000000e+00 	 -4.8823823731752462e+09 	 1.8081358925723064e+10 	 -1.0420835350857557e+09 	 0.0000000000000000e+00
	 0.0000000000000000e+00 	 0.0000000000000000e+00 	 -1.0663924116445282e+08 	 -1.0420835350857341e+09 	 6.1056856382751722e+09 	 0.0000000000000000e+00
	 4.3725660231741339e+08 	 9.0121033287478939e+07 	 0.0000000000000000e+00 	 0.0000000000000000e+00 	 0.0000000000000000e+00 	 2.0025553921268287e+09

	 6.3820464540936507e+02 	 0.0000000000000000e+00 	 0.0000000000000000e+00 	 0.0000000000000000e+00 	 0.0000000000000000e+00 	 1.0994537943346062e+02
	 0.0000000000000000e+00 	 6.3820464540936507e+02 	 0.0000000000000000e+00 	 0.0000000000000000e+00 	 0.0000000000000000e+00 	 1.9042166887981409e+01
	 0.0000000000000000e+00 	 0.0000000000000000e+00 	 6.3820464540936507e+02 	 -1.0994537943346062e+02 	 -1.9042166887981409e+01 	 0.0000000000000000e+00
	 0.0000000000000000e+00 	 0.0000000000000000e+00 	 -1.0994537943346062e+02 	 1.0758083400612907e+03 	 -2.9617549731066511e+01 	 0.0000000000000000e+00
	 0.0000000000000000e+00 	 0.0000000000000000e+00 	 -1.9042166887981409e+01 	 -2.9617549731066511e+01 	 1.9253512942048275e+02 	 0.0000000000000000e+00
	 1.0994537943346062e+02 	 1.9042166887981409e+01 	 0.0000000000000000e+00 	 0.0000000000000000e+00 	 0.0000000000000000e+00 	 1.2683434694817738e+03

	 0.206897 
	 3.3699476784038991e+08 	 4.7932723744193852e+07 	 0.0000000000000000e+00 	 0.0000000000000000e+00 	 0.0000000000000000e+00 	 2.8903574110976666e+08
	 4.7932723744109429e+07 	 1.1527729028089066e+09 	 0.0000000000000000e+00 	 0.0000000000000000e+00 	 0.0000000000000000e+00 	 6.7276487869923711e+07
	 0.0000000000000000e+00 	 0.0000000000000000e+00 	 1.3433414840449440e+10 	 -4.6248116504738159e+09 	 -3.2746287380478471e+06 	 0.0000000000000000e+00
	 0.0000000000000000e+00 	 0.0000000000000000e+00 	 -4.6248116504736719e+09 	 1.4863748967097088e+10 	 -8.4635844097388065e+08 	 0.0000000000000000e+00
	 0.0000000000000000e+00 	 0.0000000000000000e+00 	 -3.2746287381736962e+06 	 -8.4635844097380447e+08 	 4.6074667171070900e+09 	 0.0000000000000000e+00
	 2.8903574110974711e+08 	 6.7276487869942069e+07 	 0.0000000000000000e+00 	 0.0000000000000000e+00 	 0.0000000000000000e+00 	 1.1504936605456488e+09

	 5.2238812536780551e+02 	 0.0000000000000000e+00 	 0.0000000000000000e+00 	 0.0000000000000000e+00 	 0.0000000000000000e+00 	 6.5031883095348562e+01
	 0.0000000000000000e+00 	 5.2238812536780551e+02 	 0.0000000000000000e+00 	 0.0000000000000000e+00 	 0.0000000000000000e+00 	 1.1596702700130733e+01
	 0.0000000000000000e+00 	 0.0000000000000000e+00 	 5.2238812536780551e+02 	 -6.5031883095348562e+01 	 -1.1596702700130733e+01 	 0.0000000000000000e+00
	 0.0000000000000000e+00 	 0.0000000000000000e+00 	 -6.5031883095348562e+01 	 8.4385386804712971e+02 	 -2.5587663079925754e+01 	 0.0000000000000000e+00
	 0.0000000000000000e+00 	 0.0000000000000000e+00 	 -1.1596702700130733e+01 	 -2.5587663079925754e+01 	 1.1992598076623908e+02 	 0.0000000000000000e+00
	 6.5031883095348562e+01 	 1.1596702700130733e+01 	 0.0000000000000000e+00 	 0.0000000000000000e+00 	 0.0000000000000000e+00 	 9.6377984881336693e+02

	 0.241379 
	 2.7637165417534697e+08 	 3.2223263765526161e+07 	 0.0000000000000000e+00 	 0.0000000000000000e+00 	 0.0000000000000000e+00 	 2.1936979514212379e+08
	 3.2223263765484378e+07 	 9.0249786463155437e+08 	 0.0000000000000000e+00 	 0.0000000000000000e+00 	 0.0000000000000000e+00 	 5.8840529983679019e+07
	 0.0000000000000000e+00 	 0.0000000000000000e+00 	 1.3208483432860983e+10 	 -4.7703360203480377e+09 	 -1.3170298720937316e+08 	 0.0000000000000000e+00
	 0.0000000000000000e+00 	 0.0000000000000000e+00 	 -4.7703360203483639e+09 	 1.3014597196465403e+10 	 -5.3457495191180646e+08 	 0.0000000000000000e+00
	 0.0000000000000000e+00 	 0.0000000000000000e+00 	 -1.3170298720939742e+08 	 -5.3457495191196793e+08 	 4.0703689179726577e+09 	 0.0000000000000000e+00
	 2.1936979514211431e+08 	 5.8840529983706504e+07 	 0.0000000000000000e+00 	 0.0000000000000000e+00 	 0.0000000000000000e+00 	 7.8617212100342560e+08

	 4.5344877942549141e+02 	 0.0000000000000000e+00 	 0.0000000000000000e+00 	 0.0000000000000000e+00 	 0.0000000000000000e+00 	 4.9643608137919010e+01
	 0.0000000000000000e+00 	 4.5344877942549141e+02 	 0.0000000000000000e+00 	 0.0000000000000000e+00 	 0.0000000000000000e+00 	 1.2955839224771898e+01
	 0.0000000000000000e+00 	 0.0000000000000000e+00 	 4.5344877942549141e+02 	 -4.9643608137919010e+01 	 -1.2955839224771898e+01 	 0.0000000000000000e+00
	 0.0000000000000000e+00 	 0.0000000000000000e+00 	 -4.9643608137919010e+01 	 7.0662308354954916e+02 	 -1.8777048395952264e+01 	 0.0000000000000000e+00
	 0.0000000000000000e+00 	 0.0000000000000000e+00 	 -1.2955839224771898e+01 	 -1.8777048395952264e+01 	 9.1479366803629091e+01 	 0.0000000000000000e+00
	 4.9643608137919010e+01 	 1.2955839224771898e+01 	 0.0000000000000000e+00 	 0.0000000000000000e+00 	 0.0000000000000000e+00 	 7.9810245035317746e+02

	 0.275862 
	 2.3774998826975721e+08 	 2.2048598402070925e+07 	 0.0000000000000000e+00 	 0.0000000000000000e+00 	 0.0000000000000000e+00 	 1.7757414496433774e+08
	 2.2048598402042549e+07 	 7.8102234790489304e+08 	 0.0000000000000000e+00 	 0.0000000000000000e+00 	 0.0000000000000000e+00 	 5.7588786385162547e+07
	 0.0000000000000000e+00 	 0.0000000000000000e+00 	 1.3505825423778765e+10 	 -4.8785668012834253e+09 	 -3.1549925344884467e+08 	 0.0000000000000000e+00
	 0.0000000000000000e+00 	 0.0000000000000000e+00 	 -4.8785668012833652e+09 	 1.2214559645426641e+10 	 -2.7549438998150146e+08 	 0.0000000000000000e+00
	 0.0000000000000000e+00 	 0.0000000000000000e+00 	 -3.1549925344869256e+08 	 -2.7549438998159432e+08 	 3.6743679965433412e+09 	 0.0000000000000000e+00
	 1.7757414496434683e+08 	 5.7588786385125108e+07 	 0.0000000000000000e+00 	 0.0000000000000000e+00 	 0.0000000000000000e+00 	 5.9005585900209093e+08

	 4.2366497397761850e+02 	 0.0000000000000000e+00 	 0.0000000000000000e+00 	 0.0000000000000000e+00 	 0.0000000000000000e+00 	 3.8309109853327648e+01
	 0.0000000000000000e+00 	 4.2366497397761850e+02 	 0.0000000000000000e+00 	 0.0000000000000000e+00 	 0.0000000000000000e+00 	 1.5866866335347115e+01
	 0.0000000000000000e+00 	 0.0000000000000000e+00 	 4.2366497397761850e+02 	 -3.8309109853327648e+01 	 -1.5866866335347115e+01 	 0.0000000000000000e+00
	 0.0000000000000000e+00 	 0.0000000000000000e+00 	 -3.8309109853327648e+01 	 6.4657018645969140e+02 	 -1.4268143685604581e+01 	 0.0000000000000000e+00
	 0.0000000000000000e+00 	 0.0000000000000000e+00 	 -1.5866866335347115e+01 	 -1.4268143685604581e+01 	 7.5050057011959538e+01 	 0.0000000000000000e+00
	 3.8309109853327648e+01 	 1.5866866335347115e+01 	 0.0000000000000000e+00 	 0.0000000000000000e+00 	 0.0000000000000000e+00 	 7.2162024347165163e+02

	 0.310345 
	 2.0838247591744450e+08 	 1.6913063648825750e+07 	 0.0000000000000000e+00 	 0.0000000000000000e+00 	 0.0000000000000000e+00 	 1.4764628271542528e+08
	 1.6913063648781188e+07 	 7.0318799763594639e+08 	 0.0000000000000000e+00 	 0.0000000000000000e+00 	 0.0000000000000000e+00 	 5.8303969535746962e+07
	 0.0000000000000000e+00 	 0.0000000000000000e+00 	 1.3948691454094788e+10 	 -4.7869148419504480e+09 	 -4.6701243390234870e+08 	 0.0000000000000000e+00
	 0.0000000000000000e+00 	 0.0000000000000000e+00 	 -4.7869148419503174e+09 	 1.1660152281170465e+10 	 -1.3085340348560771e+08 	 0.0000000000000000e+00
	 0.0000000000000000e+00 	 0.0000000000000000e+00 	 -4.6701243390213674e+08 	 -1.3085340348570518e+08 	 3.3367071379039402e+09 	 0.0000000000000000e+00
	 1.4764628271545929e+08 	 5.8303969535779491e+07 	 0.0000000000000000e+00 	 0.0000000000000000e+00 	 0.0000000000000000e+00 	 4.6684901082014436e+08

	 4.0656900057321320e+02 	 0.0000000000000000e+00 	 0.0000000000000000e+00 	 0.0000000000000000e+00 	 0.0000000000000000e+00 	 2.9045336462515028e+01
	 0.0000000000000000e+00 	 4.0656900057321320e+02 	 0.0000000000000000e+00 	 0.0000000000000000e+00 	 0.0000000000000000e+00 	 1.7845885542393095e+01
	 0.0000000000000000e+00 	 0.0000000000000000e+00 	 4.0656900057321320e+02 	 -2.9045336462515028e+01 	 -1.7845885542393095e+01 	 0.0000000000000000e+00
	 0.0000000000000000e+00 	 0.0000000000000000e+00 	 -2.9045336462515028e+01 	 6.0757277962962360e+02 	 -1.1795887824473665e+01 	 0.0000000000000000e+00
	 0.0000000000000000e+00 	 0.0000000000000000e+00 	 -1.7845885542393095e+01 	 -1.1795887824473665e+01 	 6.3700723865677922e+01 	 0.0000000000000000e+00
	 2.9045336462515028e+01 	 1.7845885542393095e+01 	 0.0000000000000000e+00 	 0.0000000000000000e+00 	 0.0000000000000000e+00 	 6.7127350349530070e+02

	 0.344828 
	 1.9534098152334207e+08 	 1.4985133158236077e+07 	 0.0000000000000000e+00 	 0.0000000000000000e+00 	 0.0000000000000000e+00 	 1.3438220216911331e+08
	 1.4985133158231461e+07 	 6.7139402471299601e+08 	 0.0000000000000000e+00 	 0.0000000000000000e+00 	 0.0000000000000000e+00 	 5.5944834741830617e+07
	 0.0000000000000000e+00 	 0.0000000000000000e+00 	 1.4442830437216553e+10 	 -4.8321809450303288e+09 	 -5.1780724817506468e+08 	 0.0000000000000000e+00
	 0.0000000000000000e+00 	 0.0000000000000000e+00 	 -4.8321809450303240e+09 	 1.1093118437511286e+10 	 -9.2440941738659859e+07 	 0.0000000000000000e+00
	 0.0000000000000000e+00 	 0.0000000000000000e+00 	 -5.1780724817493904e+08 	 -9.2440941738902479e+07 	 3.2936357927793689e+09 	 0.0000000000000000e+00
	 1.3438220216911355e+08 	 5.5944834741835058e+07 	 0.0000000000000000e+00 	 0.0000000000000000e+00 	 0.0000000000000000e+00 	 4.1951851780170035e+08

	 3.9974123073334846e+02 	 0.0000000000000000e+00 	 0.0000000000000000e+00 	 0.0000000000000000e+00 	 0.0000000000000000e+00 	 2.7206950585723696e+01
	 0.0000000000000000e+00 	 3.9974123073334846e+02 	 0.0000000000000000e+00 	 0.0000000000000000e+00 	 0.0000000000000000e+00 	 1.7774602842741640e+01
	 0.0000000000000000e+00 	 0.0000000000000000e+00 	 3.9974123073334846e+02 	 -2.7206950585723696e+01 	 -1.7774602842741640e+01 	 0.0000000000000000e+00
	 0.0000000000000000e+00 	 0.0000000000000000e+00 	 -2.7206950585723696e+01 	 5.6862503468275349e+02 	 -1.0730224742236267e+01 	 0.0000000000000000e+00
	 0.0000000000000000e+00 	 0.0000000000000000e+00 	 -1.7774602842741640e+01 	 -1.0730224742236267e+01 	 6.0222858724988320e+01 	 0.0000000000000000e+00
	 2.7206950585723696e+01 	 1.7774602842741640e+01 	 0.0000000000000000e+00 	 0.0000000000000000e+00 	 0.0000000000000000e+00 	 6.2884789340774250e+02

	 0.379310 
	 1.7988716598408890e+08 	 1.3241406384123327e+07 	 0.0000000000000000e+00 	 0.0000000000000000e+00 	 0.0000000000000000e+00 	 1.1988432387005977e+08
	 1.3241406384149104e+07 	 6.3991354585459256e+08 	 0.0000000000000000e+00 	 0.0000000000000000e+00 	 0.0000000000000000e+00 	 5.2339353407413356e+07
	 0.0000000000000000e+00 	 0.0000000000000000e+00 	 1.4758169186738689e+10 	 -4.7402421436479101e+09 	 -5.4335657600419366e+08 	 0.0000000000000000e+00
	 0.0000000000000000e+00 	 0.0000000000000000e+00 	 -4.7402421436481009e+09 	 1.0287864248793840e+10 	 -6.6295940054672517e+07 	 0.0000000000000000e+00
	 0.0000000000000000e+00 	 0.0000000000000000e+00 	 -5.4335657600425220e+08 	 -6.6295940054796852e+07 	 3.1262151168702388e+09 	 0.0000000000000000e+00
	 1.1988432387006381e+08 	 5.2339353407433346e+07 	 0.0000000000000000e+00 	 0.0000000000000000e+00 	 0.0000000000000000e+00 	 3.6649760938832605e+08

	 3.8820571760281700e+02 	 0.0000000000000000e+00 	 0.0000000000000000e+00 	 0.0000000000000000e+00 	 0.0000000000000000e+00 	 2.1413654495521239e+01
	 0.0000000000000000e+00 	 3.8820571760281700e+02 	 0.0000000000000000e+00 	 0.0000000000000000e+00 	 0.0000000000000000e+00 	 1.7205168417586179e+01
	 0.0000000000000000e+00 	 0.0000000000000000e+00 	 3.8820571760281700e+02 	 -2.1413654495521239e+01 	 -1.7205168417586179e+01 	 0.0000000000000000e+00
	 0.0000000000000000e+00 	 0.0000000000000000e+00 	 -2.1413654495521239e+01 	 5.1446973690023469e+02 	 -9.6158989320063188e+00 	 0.0000000000000000e+00
	 0.0000000000000000e+00 	 0.0000000000000000e+00 	 -1.7205168417586179e+01 	 -9.6158989320063188e+00 	 5.4877027834590876e+01 	 0.0000000000000000e+00
	 2.1413654495521239e+01 	 1.7205168417586179e+01 	 0.0000000000000000e+00 	 0.0000000000000000e+00 	 0.0000000000000000e+00 	 5.6934676473482614e+02

	 0.413793 
	 1.6292799027092668e+08 	 1.1368500969432935e+07 	 0.0000000000000000e+00 	 0.0000000000000000e+00 	 0.0000000000000000e+00 	 1.0425887356510037e+08
	 1.1368500969423370e+07 	 6.0197902568818784e+08 	 0.0000000000000000e+00 	 0.0000000000000000e+00 	 0.0000000000000000e+00 	 4.7241622069895603e+07
	 0.0000000000000000e+00 	 0.0000000000000000e+00 	 1.4816838870429964e+10 	 -4.5096269822473288e+09 	 -5.3711141638537073e+08 	 0.0000000000000000e+00
	 0.0000000000000000e+00 	 0.0000000000000000e+00 	 -4.5096269822471294e+09 	 9.2886193499116306e+09 	 -4.8925930196134008e+07 	 0.0000000000000000e+00
	 0.0000000000000000e+00 	 0.0000000000000000e+00 	 -5.3711141638523829e+08 	 -4.8925930196094789e+07 	 2.8628743684933629e+09 	 0.0000000000000000e+00
	 1.0425887356511627e+08 	 4.7241622069979385e+07 	 0.0000000000000000e+00 	 0.0000000000000000e+00 	 0.0000000000000000e+00 	 3.0966447723287606e+08

	 3.7065399222765535e+02 	 0.0000000000000000e+00 	 0.0000000000000000e+00 	 0.0000000000000000e+00 	 0.0000000000000000e+00 	 1.2307519746521143e+01
	 0.0000000000000000e+00 	 3.7065399222765535e+02 	 0.0000000000000000e+00 	 0.0000000000000000e+00 	 0.0000000000000000e+00 	 1.6113838147821262e+01
	 0.0000000000000000e+00 	 0.0000000000000000e+00 	 3.7065399222765535e+02 	 -1.2307519746521143e+01 	 -1.6113838147821262e+01 	 0.0000000000000000e+00
	 0.0000000000000000e+00 	 0.0000000000000000e+00 	 -1.2307519746521143e+01 	 4.5065661786755055e+02 	 -8.5047890104666077e+00 	 0.0000000000000000e+00
	 0.0000000000000000e+00 	 0.0000000000000000e+00 	 -1.6113838147821262e+01 	 -8.5047890104666077e+00 	 4.8290823364311841e+01 	 0.0000000000000000e+00
	 1.2307519746521143e+01 	 1.6113838147821262e+01 	 0.0000000000000000e+00 	 0.0000000000000000e+00 	 0.0000000000000000e+00 	 4.9894744123186109e+02

	 0.448276 
	 1.4167818825303620e+08 	 9.1932862217427529e+06 	 0.0000000000000000e+00 	 0.0000000000000000e+00 	 0.0000000000000000e+00 	 8.6185219169882417e+07
	 9.1932862217226569e+06 	 5.4973882490786040e+08 	 0.0000000000000000e+00 	 0.0000000000000000e+00 	 0.0000000000000000e+00 	 3.9924033253623568e+07
	 0.0000000000000000e+00 	 0.0000000000000000e+00 	 1.4516526520923147e+10 	 -4.2703699984001637e+09 	 -4.9028364248253244e+08 	 0.0000000000000000e+00
	 0.0000000000000000e+00 	 0.0000000000000000e+00 	 -4.2703699984001641e+09 	 7.8278269742237616e+09 	 -2.7485957961908039e+07 	 0.0000000000000000e+00
	 0.0000000000000000e+00 	 0.0000000000000000e+00 	 -4.9028364248254782e+08 	 -2.7485957961923148e+07 	 2.4220107457417183e+09 	 0.0000000000000000e+00
	 8.6185219169853017e+07 	 3.9924033253659338e+07 	 0.0000000000000000e+00 	 0.0000000000000000e+00 	 0.0000000000000000e+00 	 2.4096643437444958e+08

	 3.4151847824202241e+02 	 0.0000000000000000e+00 	 0.0000000000000000e+00 	 0.0000000000000000e+00 	 0.0000000000000000e+00 	 1.0047106087392780e+01
	 0.0000000000000000e+00 	 3.4151847824202241e+02 	 0.0000000000000000e+00 	 0.0000000000000000e+00 	 0.0000000000000000e+00 	 1.4033493274319015e+01
	 0.0000000000000000e+00 	 0.0000000000000000e+00 	 3.4151847824202241e+02 	 -1.0047106087392780e+01 	 -1.4033493274319015e+01 	 0.0000000000000000e+00
	 0.0000000000000000e+00 	 0.0000000000000000e+00 	 -1.0047106087392780e+01 	 3.6025624383923679e+02 	 -6.6658508951193305e+00 	 0.0000000000000000e+00
	 0.0000000000000000e+00 	 0.0000000000000000e+00 	 -1.4033493274319015e+01 	 -6.6658508951193305e+00 	 3.9009115454123396e+01 	 0.0000000000000000e+00
	 1.0047106087392780e+01 	 1.4033493274319015e+01 	 0.0000000000000000e+00 	 0.0000000000000000e+00 	 0.0000000000000000e+00 	 3.9926535929335938e+02

	 0.482759 
	 1.2267106934388302e+08 	 6.9110763175853798e+06 	 0.0000000000000000e+00 	 0.0000000000000000e+00 	 0.0000000000000000e+00 	 7.0224456240514979e+07
	 6.9110763175643710e+06 	 4.9564265823909903e+08 	 0.0000000000000000e+00 	 0.0000000000000000e+00 	 0.0000000000000000e+00 	 3.2964988666808773e+07
	 0.0000000000000000e+00 	 0.0000000000000000e+00 	 1.3880586737276436e+10 	 -3.8870756089607301e+09 	 -4.1796052440821224e+08 	 0.0000000000000000e+00
	 0.0000000000000000e+00 	 0.0000000000000000e+00 	 -3.8870756089608378e+09 	 6.5126162365696497e+09 	 -1.7204548708347157e+07 	 0.0000000000000000e+00
	 0.0000000000000000e+00 	 0.0000000000000000e+00 	 -4.1796052440808189e+08 	 -1.7204548708407901e+07 	 2.0246919168865912e+09 	 0.0000000000000000e+00
	 7.0224456240523413e+07 	 3.2964988666801248e+07 	 0.0000000000000000e+00 	 0.0000000000000000e+00 	 0.0000000000000000e+00 	 1.8480384735330442e+08

	 3.0966393174456681e+02 	 0.0000000000000000e+00 	 0.0000000000000000e+00 	 0.0000000000000000e+00 	 0.0000000000000000e+00 	 3.1838378894070400e+00
	 0.0000000000000000e+00 	 3.0966393174456681e+02 	 0.0000000000000000e+00 	 0.0000000000000000e+00 	 0.0000000000000000e+00 	 1.1911463381975809e+01
	 0.0000000000000000e+00 	 0.0000000000000000e+00 	 3.0966393174456681e+02 	 -3.1838378894070400e+00 	 -1.1911463381975809e+01 	 0.0000000000000000e+00
	 0.0000000000000000e+00 	 0.0000000000000000e+00 	 -3.1838378894070400e+00 	 2.8760186332641496e+02 	 -5.3771331635089696e+00 	 0.0000000000000000e+00
	 0.0000000000000000e+00 	 0.0000000000000000e+00 	 -1.1911463381975809e+01 	 -5.3771331635089696e+00 	 3.1332914781871704e+01 	 0.0000000000000000e+00
	 3.1838378894070400e+00 	 1.1911463381975809e+01 	 0.0000000000000000e+00 	 0.0000000000000000e+00 	 0.0000000000000000e+00 	 3.1893477810828500e+02

	 0.517241 
	 1.0513212550942548e+08 	 4.9106460132697448e+06 	 0.0000000000000000e+00 	 0.0000000000000000e+00 	 0.0000000000000000e+00 	 5.6241597636035077e+07
	 4.9106460132510029e+06 	 4.4024386655206269e+08 	 0.0000000000000000e+00 	 0.0000000000000000e+00 	 0.0000000000000000e+00 	 2.6582002298253573e+07
	 0.0000000000000000e+00 	 0.0000000000000000e+00 	 1.2969514079509367e+10 	 -3.4147545355532799e+09 	 -3.4508377896342725e+08 	 0.0000000000000000e+00
	 0.0000000000000000e+00 	 0.0000000000000000e+00 	 -3.4147545355531664e+09 	 5.3161323412879763e+09 	 -9.5049621271584425e+06 	 0.0000000000000000e+00
	 0.0000000000000000e+00 	 0.0000000000000000e+00 	 -3.4508377896343547e+08 	 -9.5049621271511074e+06 	 1.6385483488147826e+09 	 0.0000000000000000e+00
	 5.6241597636032596e+07 	 2.6582002298265461e+07 	 0.0000000000000000e+00 	 0.0000000000000000e+00 	 0.0000000000000000e+00 	 1.3844881868776649e+08

	 2.7594478473547417e+02 	 0.0000000000000000e+00 	 0.0000000000000000e+00 	 0.0000000000000000e+00 	 0.0000000000000000e+00 	 -3.3358525230109777e+00
	 0.0000000000000000e+00 	 2.7594478473547417e+02 	 0.0000000000000000e+00 	 0.0000000000000000e+00 	 0.0000000000000000e+00 	 9.8955915023333105e+00
	 0.0000000000000000e+00 	 0.0000000000000000e+00 	 2.7594478473547417e+02 	 3.3358525230109777e+00 	 -9.8955915023333105e+00 	 0.0000000000000000e+00
	 0.0000000000000000e+00 	 0.0000000000000000e+00 	 3.3358525230109777e+00 	 2.2618842934559345e+02 	 -4.2933549702182523e+00 	 0.0000000000000000e+00
	 0.0000000000000000e+00 	 0.0000000000000000e+00 	 -9.8955915023333105e+00 	 -4.2933549702182523e+00 	 2.4515026507872626e+01 	 0.0000000000000000e+00
	 -3.3358525230109777e+00 	 9.8955915023333105e+00 	 0.0000000000000000e+00 	 0.0000000000000000e+00 	 0.0000000000000000e+00 	 2.5070345585346652e+02

	 0.551724 
	 8.9382532959386751e+07 	 3.2905531562791332e+06 	 0.0000000000000000e+00 	 0.0000000000000000e+00 	 0.0000000000000000e+00 	 4.4536113205804773e+07
	 3.2905531563130771e+06 	 3.8716562672406399e+08 	 0.0000000000000000e+00 	 0.0000000000000000e+00 	 0.0000000000000000e+00 	 2.1130196467252266e+07
	 0.0000000000000000e+00 	 0.0000000000000000e+00 	 1.1872089781328728e+10 	 -2.9169040106200275e+09 	 -2.7576347468759912e+08 	 0.0000000000000000e+00
	 0.0000000000000000e+00 	 0.0000000000000000e+00 	 -2.9169040106200428e+09 	 4.2573069551880236e+09 	 -4.5486212504541473e+06 	 0.0000000000000000e+00
	 0.0000000000000000e+00 	 0.0000000000000000e+00 	 -2.7576347468761849e+08 	 -4.5486212504586279e+06 	 1.2821110532168131e+09 	 0.0000000000000000e+00
	 4.4536113205812529e+07 	 2.1130196467265882e+07 	 0.0000000000000000e+00 	 0.0000000000000000e+00 	 0.0000000000000000e+00 	 1.0179611164402753e+08

	 2.4213594353995489e+02 	 0.0000000000000000e+00 	 0.0000000000000000e+00 	 0.0000000000000000e+00 	 0.0000000000000000e+00 	 -7.6034060906545227e+00
	 0.0000000000000000e+00 	 2.4213594353995489e+02 	 0.0000000000000000e+00 	 0.0000000000000000e+00 	 0.0000000000000000e+00 	 8.0329521845877103e+00
	 0.0000000000000000e+00 	 0.0000000000000000e+00 	 2.4213594353995489e+02 	 7.6034060906545227e+00 	 -8.0329521845877103e+00 	 0.0000000000000000e+00
	 0.0000000000000000e+00 	 0.0000000000000000e+00 	 7.6034060906545227e+00 	 1.7505228657823150e+02 	 -3.3581424703693958e+00 	 0.0000000000000000e+00
	 0.0000000000000000e+00 	 0.0000000000000000e+00 	 -8.0329521845877103e+00 	 -3.3581424703693958e+00 	 1.8659527823273688e+01 	 0.0000000000000000e+00
	 -7.6034060906545227e+00 	 8.0329521845877103e+00 	 0.0000000000000000e+00 	 0.0000000000000000e+00 	 0.0000000000000000e+00 	 1.9371181440150491e+02

	 0.586207 
	 7.5363470146111473e+07 	 2.0607448700148314e+06 	 0.0000000000000000e+00 	 0.0000000000000000e+00 	 0.0000000000000000e+00 	 3.5073633131102391e+07
	 2.0607448699996285e+06 	 3.3533392893385571e+08 	 0.0000000000000000e+00 	 0.0000000000000000e+00 	 0.0000000000000000e+00 	 1.6627613995422201e+07
	 0.0000000000000000e+00 	 0.0000000000000000e+00 	 1.0496287978026951e+10 	 -2.4237313423318229e+09 	 -2.1062969858638909e+08 	 0.0000000000000000e+00
	 0.0000000000000000e+00 	 0.0000000000000000e+00 	 -2.4237313423317318e+09 	 3.2271827915301065e+09 	 -4.2054541481801681e+05 	 0.0000000000000000e+00
	 0.0000000000000000e+00 	 0.0000000000000000e+00 	 -2.1062969858640790e+08 	 -4.2054541481197061e+05 	 9.6134426733372247e+08 	 0.0000000000000000e+00
	 3.5073633131111577e+07 	 1.6627613995419649e+07 	 0.0000000000000000e+00 	 0.0000000000000000e+00 	 0.0000000000000000e+00 	 7.3614982368522689e+07

	 2.0512792168458091e+02 	 0.0000000000000000e+00 	 0.0000000000000000e+00 	 0.0000000000000000e+00 	 0.0000000000000000e+00 	 -6.2963809906128967e+00
	 0.0000000000000000e+00 	 2.0512792168458091e+02 	 0.0000000000000000e+00 	 0.0000000000000000e+00 	 0.0000000000000000e+00 	 6.1874743391688334e+00
	 0.0000000000000000e+00 	 0.0000000000000000e+00 	 2.0512792168458091e+02 	 6.2963809906128967e+00 	 -6.1874743391688334e+00 	 0.0000000000000000e+00
	 0.0000000000000000e+00 	 0.0000000000000000e+00 	 6.2963809906128967e+00 	 1.2885788621492631e+02 	 -2.3812431104980876e+00 	 0.0000000000000000e+00
	 0.0000000000000000e+00 	 0.0000000000000000e+00 	 -6.1874743391688334e+00 	 -2.3812431104980876e+00 	 1.3684531319450873e+01 	 0.0000000000000000e+00
	 -6.2963809906128967e+00 	 6.1874743391688334e+00 	 0.0000000000000000e+00 	 0.0000000000000000e+00 	 0.0000000000000000e+00 	 1.4254241753437648e+02

	 0.620690 
	 6.3723098037030727e+07 	 1.3315946674325832e+06 	 0.0000000000000000e+00 	 0.0000000000000000e+00 	 0.0000000000000000e+00 	 2.5904845128232658e+07
	 1.3315946674786806e+06 	 2.7774011674596095e+08 	 0.0000000000000000e+00 	 0.0000000000000000e+00 	 0.0000000000000000e+00 	 1.2621426365043519e+07
	 0.0000000000000000e+00 	 0.0000000000000000e+00 	 8.8353915541179409e+09 	 -1.8798473401792319e+09 	 -1.5556466706089386e+08 	 0.0000000000000000e+00
	 0.0000000000000000e+00 	 0.0000000000000000e+00 	 -1.8798473401792419e+09 	 2.3171234870593791e+09 	 4.2449404183387815e+05 	 0.0000000000000000e+00
	 0.0000000000000000e+00 	 0.0000000000000000e+00 	 -1.5556466706087941e+08 	 4.2449404183735850e+05 	 6.8274592487298238e+08 	 0.0000000000000000e+00
	 2.5904845128233235e+07 	 1.2621426365056176e+07 	 0.0000000000000000e+00 	 0.0000000000000000e+00 	 0.0000000000000000e+00 	 5.1226360482754581e+07

	 1.7005591219023302e+02 	 0.0000000000000000e+00 	 0.0000000000000000e+00 	 0.0000000000000000e+00 	 0.0000000000000000e+00 	 -4.6928690653379626e+00
	 0.0000000000000000e+00 	 1.7005591219023302e+02 	 0.0000000000000000e+00 	 0.0000000000000000e+00 	 0.0000000000000000e+00 	 4.6683412108461155e+00
	 0.0000000000000000e+00 	 0.0000000000000000e+00 	 1.7005591219023302e+02 	 4.6928690653379626e+00 	 -4.6683412108461155e+00 	 0.0000000000000000e+00
	 0.0000000000000000e+00 	 0.0000000000000000e+00 	 4.6928690653379626e+00 	 9.1315312793313950e+01 	 -1.6389736332503422e+00 	 0.0000000000000000e+00
	 0.0000000000000000e+00 	 0.0000000000000000e+00 	 -4.6683412108461155e+00 	 -1.6389736332503422e+00 	 9.6527372698686591e+00 	 0.0000000000000000e+00
	 -4.6928690653379626e+00 	 4.6683412108461155e+00 	 0.0000000000000000e+00 	 0.0000000000000000e+00 	 0.0000000000000000e+00 	 1.0096805006318250e+02

	 0.655172 
	 5.4113998044273481e+07 	 8.4338444624186365e+05 	 0.0000000000000000e+00 	 0.0000000000000000e+00 	 0.0000000000000000e+00 	 1.9295130066637557e+07
	 8.4338444625055697e+05 	 2.3158231732037684e+08 	 0.0000000000000000e+00 	 0.0000000000000000e+00 	 0.0000000000000000e+00 	 9.6204348164788559e+06
	 0.0000000000000000e+00 	 0.0000000000000000e+00 	 7.3412899138080339e+09 	 -1.4225177841713011e+09 	 -1.1808176240023501e+08 	 0.0000000000000000e+00
	 0.0000000000000000e+00 	 0.0000000000000000e+00 	 -1.4225177841713145e+09 	 1.6304329968911574e+09 	 1.9500305399197910e+06 	 0.0000000000000000e+00
	 0.0000000000000000e+00 	 0.0000000000000000e+00 	 -1.1808176240022822e+08 	 1.9500305399214909e+06 	 4.7299300306759834e+08 	 0.0000000000000000e+00
	 1.9295130066639874e+07 	 9.6204348164652511e+06 	 0.0000000000000000e+00 	 0.0000000000000000e+00 	 0.0000000000000000e+00 	 3.5650709540986568e+07

	 1.4182789260543990e+02 	 0.0000000000000000e+00 	 0.0000000000000000e+00 	 0.0000000000000000e+00 	 0.0000000000000000e+00 	 -4.7726135143180359e+00
	 0.0000000000000000e+00 	 1.4182789260543990e+02 	 0.0000000000000000e+00 	 0.0000000000000000e+00 	 0.0000000000000000e+00 	 3.6742737017255953e+00
	 0.0000000000000000e+00 	 0.0000000000000000e+00 	 1.4182789260543990e+02 	 4.7726135143180359e+00 	 -3.6742737017255953e+00 	 0.0000000000000000e+00
	 0.0000000000000000e+00 	 0.0000000000000000e+00 	 4.7726135143180359e+00 	 6.4746263774047975e+01 	 -1.1760337233498388e+00 	 0.0000000000000000e+00
	 0.0000000000000000e+00 	 0.0000000000000000e+00 	 -3.6742737017255953e+00 	 -1.1760337233498388e+00 	 6.7053555718469244e+00 	 0.0000000000000000e+00
	 -4.7726135143180359e+00 	 3.6742737017255953e+00 	 0.0000000000000000e+00 	 0.0000000000000000e+00 	 0.0000000000000000e+00 	 7.1451619345895026e+01

	 0.689655 
	 4.6228200572203569e+07 	 5.7092410865658720e+05 	 0.0000000000000000e+00 	 0.0000000000000000e+00 	 0.0000000000000000e+00 	 1.4840669600866286e+07
	 5.7092410866252321e+05 	 1.9136181663904595e+08 	 0.0000000000000000e+00 	 0.0000000000000000e+00 	 0.0000000000000000e+00 	 7.3689994673063718e+06
	 0.0000000000000000e+00 	 0.0000000000000000e+00 	 6.0659258532624035e+09 	 -1.0528536190724889e+09 	 -9.7039485327774972e+07 	 0.0000000000000000e+00
	 0.0000000000000000e+00 	 0.0000000000000000e+00 	 -1.0528536190725132e+09 	 1.1376576352599516e+09 	 4.2462340904037757e+06 	 0.0000000000000000e+00
	 0.0000000000000000e+00 	 0.0000000000000000e+00 	 -9.7039485327775598e+07 	 4.2462340904067559e+06 	 3.2128015914174938e+08 	 0.0000000000000000e+00
	 1.4840669600868324e+07 	 7.3689994673022600e+06 	 0.0000000000000000e+00 	 0.0000000000000000e+00 	 0.0000000000000000e+00 	 2.5130093135521434e+07

	 1.1577067539289797e+02 	 0.0000000000000000e+00 	 0.0000000000000000e+00 	 0.0000000000000000e+00 	 0.0000000000000000e+00 	 -3.4424348890981400e+00
	 0.0000000000000000e+00 	 1.1577067539289797e+02 	 0.0000000000000000e+00 	 0.0000000000000000e+00 	 0.0000000000000000e+00 	 2.8656883706561289e+00
	 0.0000000000000000e+00 	 0.0000000000000000e+00 	 1.1577067539289797e+02 	 3.4424348890981400e+00 	 -2.8656883706561289e+00 	 0.0000000000000000e+00
	 0.0000000000000000e+00 	 0.0000000000000000e+00 	 3.4424348890981400e+00 	 4.4685156333394154e+01 	 -7.5890739134431384e-01 	 0.0000000000000000e+00
	 0.0000000000000000e+00 	 0.0000000000000000e+00 	 -2.8656883706561289e+00 	 -7.5890739134431384e-01 	 4.5471690630802106e+00 	 0.0000000000000000e+00
	 -3.4424348890981400e+00 	 2.8656883706561289e+00 	 0.0000000000000000e+00 	 0.0000000000000000e+00 	 0.0000000000000000e+00 	 4.9232325396474472e+01

	 0.724138 
	 3.9715197473162375e+07 	 3.1938034138226154e+05 	 0.0000000000000000e+00 	 0.0000000000000000e+00 	 0.0000000000000000e+00 	 1.1261173707428360e+07
	 3.1938034138316306e+05 	 1.5972224347906876e+08 	 0.0000000000000000e+00 	 0.0000000000000000e+00 	 0.0000000000000000e+00 	 5.6919867137859650e+06
	 0.0000000000000000e+00 	 0.0000000000000000e+00 	 5.0003851664770613e+09 	 -7.6703663618639994e+08 	 -8.0727762984795913e+07 	 0.0000000000000000e+00
	 0.0000000000000000e+00 	 0.0000000000000000e+00 	 -7.6703663618641114e+08 	 7.8225428411543107e+08 	 5.1330183361507477e+06 	 0.0000000000000000e+00
	 0.0000000000000000e+00 	 0.0000000000000000e+00 	 -8.0727762984813929e+07 	 5.1330183361540912e+06 	 2.1362185385320449e+08 	 0.0000000000000000e+00
	 1.1261173707424937e+07 	 5.6919867137849582e+06 	 0.0000000000000000e+00 	 0.0000000000000000e+00 	 0.0000000000000000e+00 	 1.7467502001600116e+07

